0.0 1.0000000000000002E-6 0.0 
0.0 0.001002000000000015 0.0 
0.0 0.0020019999999999413 0.0 
0.0 0.003002000000000074 0.0 
0.0 0.004001000000000207 0.0 
0.0 0.005001000000000339 0.0 
0.0 0.006001000000000472 0.0 
0.0 0.007001000000000605 0.0 
0.0 0.008001000000000574 0.0 
0.0 0.009001999999999838 0.0 
0.0 0.010001999999999104 0.0 
0.0 0.011001999999998369 0.0 
0.0 0.012001999999997634 0.0 
0.0 0.0130019999999969 0.0 
0.0 0.014001999999996165 0.0 
0.0 0.015000999999995431 0.0 
0.0 0.01600099999999535 0.0 
0.0 0.01700099999999635 0.0 
0.0 0.01800099999999735 0.0 
0.0 0.01900099999999835 0.0 
0.0 0.02000099999999935 0.0 
0.0 0.02100100000000035 0.0 
0.0 0.02200100000000135 0.0 
0.0 0.02300100000000235 0.0 
0.0 0.02400100000000335 0.0 
0.0 0.02500100000000435 0.0 
0.0 0.02600100000000535 0.0 
0.0 0.02700100000000635 0.0 
0.0 0.02800100000000735 0.0 
0.0 0.02900100000000835 0.0 
0.0 0.03000100000000935 0.0 
0.0 0.03100100000001035 0.0 
0.0 0.03200100000001135 0.0 
0.0 0.03300100000001235 0.0 
0.0 0.03400100000001335 0.0 
0.0 0.03500100000001435 0.0 
0.0 0.03600100000001535 0.0 
0.0 0.03700100000001635 0.0 
0.0 0.03800100000001735 0.0 
0.0 0.03900100000001835 0.0 
0.0 0.04000100000001935 0.0 
0.0 0.04100100000002035 0.0 
0.0 0.04200100000002135 0.0 
0.0 0.04300100000002235 0.0 
0.0 0.04400100000002335 0.0 
0.0 0.04500100000002435 0.0 
0.0 0.04600100000002535 0.0 
0.0 0.04700100000002635 0.0 
0.0 0.04800100000002735 0.0 
0.0 0.04900100000002835 0.0 
0.0 0.05000100000002935 0.0 
0.0 0.05100100000003035 0.0 
0.0 0.05200100000003135 0.0 
0.0 0.05300100000003235 0.0 
0.0 0.05400100000003335 0.0 
0.0 0.05500100000003435 0.0 
0.0 0.05600100000003535 0.0 
0.0 0.05700100000003635 0.0 
0.0 0.05800200000003735 0.0 
0.0 0.05900200000003835 0.0 
0.0 0.06000200000003935 0.0 
0.0 0.06100200000004035 0.0 
0.0 0.06200200000004135 0.0 
0.0 0.06300200000004234 0.0 
0.0 0.06400200000004334 0.0 
0.0 0.06500200000004434 0.0 
0.0 0.06600200000004534 0.0 
0.0 0.06700200000004634 0.0 
0.0 0.06800200000004734 0.0 
0.0 0.06900200000004834 0.0 
0.0 0.07000200000004934 0.0 
0.0 0.07100200000005034 0.0 
0.0 0.07200200000005134 0.0 
0.0 0.07300200000005234 0.0 
0.0 0.07400200000005334 0.0 
0.0 0.07500200000005434 0.0 
0.0 0.07600200000005534 0.0 
0.0 0.07700200000005634 0.0 
0.0 0.07800200000005734 0.0 
0.0 0.07900200000005834 0.0 
0.0 0.08000200000005935 0.0 
0.0 0.08100200000006035 0.0 
0.0 0.08200200000006135 0.0 
0.0 0.08300200000006235 0.0 
0.0 0.08400200000006335 0.0 
0.0 0.08500200000006435 0.0 
0.0 0.08600200000006535 0.0 
0.0 0.08700200000006635 0.0 
0.0 0.08800200000006735 0.0 
0.0 0.08900200000006835 0.0 
0.0 0.09000200000006935 0.0 
0.0 0.09100200000007035 0.0 
0.0 0.09200200000007135 0.0 
0.0 0.09300200000007235 0.0 
0.0 0.09400200000007335 0.0 
0.0 0.09500200000007435 0.0 
0.0 0.09600200000007535 0.0 
0.0 0.09700200000007635 0.0 
0.0 0.09800200000007735 0.0 
0.0 0.09900200000007835 0.0 
0.0 0.10000200000007935 0.0 
0.0 0.10100200000008035 0.0 
0.0 0.10200200000008135 0.0 
0.0 0.10300200000008235 0.0 
0.0 0.10400200000008335 0.0 
0.0 0.10500200000008435 0.0 
0.0 0.10600200000008535 0.0 
0.0 0.10700200000008635 0.0 
0.0 0.10800200000008735 0.0 
0.0 0.10900200000008835 0.0 
0.0 0.11000200000008935 0.0 
0.0 0.11100200000009035 0.0 
0.0 0.11200200000009135 0.0 
0.0 0.11300200000009235 0.0 
0.0 0.11400200000009335 0.0 
0.0 0.11500200000009435 0.0 
0.0 0.11600200000009535 0.0 
0.0 0.11700200000009635 0.0 
0.0 0.11800200000009735 0.0 
0.0 0.11900200000009835 0.0 
0.0 0.12000200000009935 0.0 
0.0 0.12100200000010035 0.0 
0.0 0.12200200000010135 0.0 
0.0 0.12300200000010235 0.0 
0.0 0.12400200000010335 0.0 
0.0 0.12500200000010434 0.0 
0.0 0.12600200000010534 0.0 
0.0 0.12700200000010634 0.0 
0.0 0.12800200000010734 0.0 
0.0 0.12900200000010834 0.0 
0.0 0.13000100000010933 0.0 
0.0 0.13100100000011033 0.0 
0.0 0.13200100000011133 0.0 
0.0 0.13300100000011233 0.0 
0.0 0.13400100000011334 0.0 
0.0 0.13500100000011434 0.0 
0.0 0.13600100000011534 0.0 
0.0 0.13700100000011634 0.0 
0.0 0.13800100000011734 0.0 
0.0 0.13900100000011834 0.0 
0.0 0.14000100000011934 0.0 
0.0 0.14100100000012034 0.0 
0.0 0.14200100000012134 0.0 
0.0 0.14300100000012234 0.0 
0.0 0.14400100000012334 0.0 
0.0 0.14500100000012434 0.0 
0.0 0.14600100000012534 0.0 
0.0 0.14700100000012634 0.0 
0.0 0.14800100000012734 0.0 
0.0 0.14900100000012834 0.0 
0.0 0.15000100000012934 0.0 
0.0 0.15100100000013034 0.0 
0.0 0.15200100000013134 0.0 
0.0 0.15300100000013234 0.0 
0.0 0.15400100000013334 0.0 
0.0 0.15500100000013434 0.0 
0.0 0.15600100000013534 0.0 
0.0 0.15700100000013634 0.0 
0.0 0.15800100000013734 0.0 
0.0 0.15900100000013834 0.0 
0.0 0.16000100000013934 0.0 
0.0 0.16100100000014034 0.0 
0.0 0.16200100000014134 0.0 
0.0 0.16300100000014234 0.0 
0.0 0.16400100000014334 0.0 
0.0 0.16500100000014434 0.0 
0.0 0.16600100000014534 0.0 
0.0 0.16700100000014634 0.0 
0.0 0.16800100000014734 0.0 
0.0 0.16900100000014834 0.0 
0.0 0.17000100000014934 0.0 
0.0 0.17100100000015034 0.0 
0.0 0.17200100000015134 0.0 
0.0 0.17300100000015234 0.0 
0.0 0.17400100000015334 0.0 
0.0 0.17500100000015434 0.0 
0.0 0.17600100000015534 0.0 
0.0 0.17700100000015634 0.0 
0.0 0.17800100000015734 0.0 
0.0 0.17900100000015834 0.0 
0.0 0.18000100000015934 0.0 
0.0 0.18100100000016034 0.0 
0.0 0.18200100000016134 0.0 
0.0 0.18300100000016234 0.0 
0.0 0.18400100000016334 0.0 
0.0 0.18500100000016434 0.0 
0.0 0.18600100000016534 0.0 
0.0 0.18700100000016634 0.0 
0.0 0.18800100000016734 0.0 
0.0 0.18900100000016834 0.0 
0.0 0.19000100000016934 0.0 
0.0 0.19100100000017034 0.0 
0.0 0.19200100000017134 0.0 
0.0 0.19300100000017234 0.0 
0.0 0.19400100000017334 0.0 
0.0 0.19500100000017434 0.0 
0.0 0.19600100000017534 0.0 
0.0 0.19700100000017634 0.0 
0.0 0.19800100000017734 0.0 
0.0 0.19900100000017834 0.0 
0.0 0.20000100000017934 0.0 
0.0 0.20100100000018034 0.0 
0.0 0.20200100000018134 0.0 
0.0 0.20300100000018234 0.0 
0.0 0.20400100000018334 0.0 
0.0 0.20500100000018434 0.0 
0.0 0.20600100000018534 0.0 
0.0 0.20700100000018634 0.0 
0.0 0.20800100000018734 0.0 
0.0 0.20900100000018834 0.0 
0.0 0.21000100000018934 0.0 
0.0 0.21100100000019034 0.0 
0.0 0.21200100000019134 0.0 
0.0 0.21300100000019234 0.0 
0.0 0.21400100000019334 0.0 
0.0 0.21500100000019434 0.0 
0.0 0.21600100000019534 0.0 
0.0 0.21700100000019634 0.0 
0.0 0.21800100000019734 0.0 
0.0 0.21900100000019834 0.0 
0.0 0.22000100000019934 0.0 
0.0 0.22100100000020034 0.0 
0.0 0.22200100000020134 0.0 
0.0 0.22300100000020234 0.0 
0.0 0.22400100000020334 0.0 
0.0 0.22500100000020434 0.0 
0.0 0.22600100000020534 0.0 
0.0 0.22700100000020634 0.0 
0.0 0.22800100000020734 0.0 
0.0 0.22900100000020834 0.0 
0.0 0.23000100000020934 0.0 
0.0 0.23100100000021034 0.0 
0.0 0.23200100000021134 0.0 
0.0 0.23300100000021234 0.0 
0.0 0.23400100000021334 0.0 
0.0 0.23500100000021434 0.0 
0.0 0.23600100000021534 0.0 
0.0 0.23700100000021634 0.0 
0.0 0.23800100000021734 0.0 
0.0 0.23900100000021834 0.0 
0.0 0.24000100000021934 0.0 
0.0 0.24100100000022034 0.0 
0.0 0.24200100000022134 0.0 
0.0 0.24300100000022234 0.0 
0.0 0.24400100000022334 0.0 
0.0 0.24500100000022434 0.0 
0.0 0.24600100000022534 0.0 
0.0 0.24700100000022635 0.0 
0.0 0.24800100000022735 0.0 
0.0 0.24900100000022835 0.0 
0.0 0.2500010000002293 0.0 
0.0 0.25100100000020253 0.0 
0.0 0.2520010000001758 0.0 
0.0 0.253001000000149 0.0 
0.0 0.25400100000012227 0.0 
0.0 0.2550010000000955 0.0 
0.0 0.25600100000006876 0.0 
0.0 0.257001000000042 0.0 
0.0 0.25800100000001525 0.0 
0.0 0.2590009999999885 0.0 
0.0 0.26000099999996173 0.0 
0.0 0.261000999999935 0.0 
0.0 0.2620009999999082 0.0 
0.0 0.26300099999988147 0.0 
0.0 0.2640009999998547 0.0 
0.0 0.26500099999982796 0.0 
0.0 0.2660009999998012 0.0 
0.0 0.26700099999977445 0.0 
0.0 0.2680009999997477 0.0 
0.0 0.26900099999972094 0.0 
0.0 0.2700009999996942 0.0 
0.0 0.2710009999996674 0.0 
0.0 0.27200099999964067 0.0 
0.0 0.2730009999996139 0.0 
0.0 0.27400099999958716 0.0 
0.0 0.2750009999995604 0.0 
0.0 0.27600099999953365 0.0 
0.0 0.2770009999995069 0.0 
0.0 0.27800099999948014 0.0 
0.0 0.2790009999994534 0.0 
0.0 0.2800009999994266 0.0 
0.0 0.28100099999939987 0.0 
0.0 0.2820009999993731 0.0 
0.0 0.28300099999934636 0.0 
0.0 0.2840009999993196 0.0 
0.0 0.28500099999929285 0.0 
0.0 0.2860009999992661 0.0 
0.0 0.28700099999923934 0.0 
0.0 0.2880009999992126 0.0 
0.0 0.2890009999991858 0.0 
0.0 0.29000099999915907 0.0 
0.0 0.2910009999991323 0.0 
0.0 0.29200099999910556 0.0 
0.0 0.2930009999990788 0.0 
0.0 0.29400099999905205 0.0 
0.0 0.2950009999990253 0.0 
0.0 0.29600099999899854 0.0 
0.0 0.2970009999989718 0.0 
0.0 0.298000999998945 0.0 
0.0 0.29900099999891827 0.0 
0.0 0.3000009999988915 0.0 
0.0 0.30100099999886476 0.0 
0.0 0.302000999998838 0.0 
0.0 0.30300099999881125 0.0 
0.0 0.3040009999987845 0.0 
0.0 0.30500099999875774 0.0 
0.0 0.306000999998731 0.0 
0.0 0.3070009999987042 0.0 
0.0 0.30800099999867747 0.0 
0.0 0.3090009999986507 0.0 
0.0 0.31000099999862396 0.0 
0.0 0.3110009999985972 0.0 
0.0 0.31200099999857045 0.0 
0.0 0.3130009999985437 0.0 
0.0 0.31400099999851694 0.0 
0.0 0.3150009999984902 0.0 
0.0 0.3160009999984634 0.0 
0.0 0.31700099999843667 0.0 
0.0 0.3180009999984099 0.0 
0.0 0.31900099999838316 0.0 
0.0 0.3200009999983564 0.0 
0.0 0.32100099999832965 0.0 
0.0 0.3220009999983029 0.0 
0.0 0.32300099999827614 0.0 
0.0 0.3240009999982494 0.0 
0.0 0.32500099999822263 0.0 
0.0 0.3260009999981959 0.0 
0.0 0.3270009999981691 0.0 
0.0 0.32800099999814236 0.0 
0.0 0.3290009999981156 0.0 
0.0 0.33000099999808885 0.0 
0.0 0.3310009999980621 0.0 
0.0 0.33200099999803534 0.0 
0.0 0.3330009999980086 0.0 
0.0 0.33400099999798183 0.0 
0.0 0.3350009999979551 0.0 
0.0 0.3360009999979283 0.0 
0.0 0.33700099999790156 0.0 
0.0 0.3380009999978748 0.0 
0.0 0.33900099999784805 0.0 
0.0 0.3400009999978213 0.0 
0.0 0.34100099999779454 0.0 
0.0 0.3420009999977678 0.0 
0.0 0.34300099999774103 0.0 
0.0 0.3440009999977143 0.0 
0.0 0.3450009999976875 0.0 
0.0 0.34600099999766076 0.0 
0.0 0.347000999997634 0.0 
0.0 0.34800099999760725 0.0 
0.0 0.3490009999975805 0.0 
0.0 0.35000099999755374 0.0 
0.0 0.351000999997527 0.0 
0.0 0.35200099999750023 0.0 
0.0 0.3530009999974735 0.0 
0.0 0.3540009999974467 0.0 
0.0 0.35500099999741996 0.0 
0.0 0.3560009999973932 0.0 
0.0 0.35700099999736645 0.0 
0.0 0.3580009999973397 0.0 
0.0 0.35900099999731294 0.0 
0.0 0.3600009999972862 0.0 
0.0 0.36100099999725943 0.0 
0.0 0.3620009999972327 0.0 
0.0 0.3630009999972059 0.0 
0.0 0.36400099999717916 0.0 
0.0 0.3650009999971524 0.0 
0.0 0.36600099999712565 0.0 
0.0 0.3670009999970989 0.0 
0.0 0.36800099999707214 0.0 
0.0 0.3690009999970454 0.0 
0.0 0.37000099999701863 0.0 
0.0 0.3710009999969919 0.0 
0.0 0.3720009999969651 0.0 
0.0 0.37300099999693836 0.0 
0.0 0.3740009999969116 0.0 
0.0 0.37500099999688485 0.0 
0.0 0.3760009999968581 0.0 
0.0 0.37700099999683134 0.0 
0.0 0.3780009999968046 0.0 
0.0 0.37900099999677783 0.0 
0.0 0.3800009999967511 0.0 
0.0 0.3810009999967243 0.0 
0.0 0.38200099999669757 0.0 
0.0 0.3830009999966708 0.0 
0.0 0.38400099999664405 0.0 
0.0 0.3850009999966173 0.0 
0.0 0.38600099999659054 0.0 
0.0 0.3870009999965638 0.0 
0.0 0.38800099999653703 0.0 
0.0 0.3890009999965103 0.0 
0.0 0.3900009999964835 0.0 
0.0 0.39100099999645677 0.0 
0.0 0.39200099999643 0.0 
0.0 0.39300099999640326 0.0 
0.0 0.3940009999963765 0.0 
0.0 0.39500099999634974 0.0 
0.0 0.396000999996323 0.0 
0.0 0.39700099999629623 0.0 
0.0 0.3980009999962695 0.0 
0.0 0.3990009999962427 0.0 
0.0 0.40000099999621597 0.0 
0.0 0.4010009999961892 0.0 
0.0 0.40200099999616246 0.0 
0.0 0.4030009999961357 0.0 
0.0 0.40400099999610894 0.0 
0.0 0.4050009999960822 0.0 
0.0 0.40600099999605543 0.0 
0.0 0.4070009999960287 0.0 
0.0 0.4080009999960019 0.0 
0.0 0.40900099999597517 0.0 
0.0 0.4100009999959484 0.0 
0.0 0.41100099999592166 0.0 
0.0 0.4120009999958949 0.0 
0.0 0.41300099999586815 0.0 
0.0 0.4140009999958414 0.0 
0.0 0.41500099999581463 0.0 
0.0 0.4160009999957879 0.0 
0.0 0.4170009999957611 0.0 
0.0 0.41800099999573437 0.0 
0.0 0.4190009999957076 0.0 
0.0 0.42000099999568086 0.0 
0.0 0.4210009999956541 0.0 
0.0 0.42200099999562735 0.0 
0.0 0.4230009999956006 0.0 
0.0 0.42400099999557384 0.0 
0.0 0.4250009999955471 0.0 
0.0 0.4260009999955203 0.0 
0.0 0.42700099999549357 0.0 
0.0 0.4280009999954668 0.0 
0.0 0.42900099999544006 0.0 
0.0 0.4300009999954133 0.0 
0.0 0.43100099999538655 0.0 
0.0 0.4320009999953598 0.0 
0.0 0.43300099999533304 0.0 
0.0 0.4340009999953063 0.0 
0.0 0.4350009999952795 0.0 
0.0 0.43600099999525277 0.0 
0.0 0.437000999995226 0.0 
0.0 0.43800099999519926 0.0 
0.0 0.4390009999951725 0.0 
0.0 0.44000099999514575 0.0 
0.0 0.441000999995119 0.0 
0.0 0.44200099999509224 0.0 
0.0 0.4430009999950655 0.0 
0.0 0.4440009999950387 0.0 
0.0 0.44500099999501197 0.0 
0.0 0.4460009999949852 0.0 
0.0 0.44700199999495843 0.0 
0.0 0.4480019999949317 0.0 
0.0 0.4490019999949049 0.0 
0.0 0.45000199999487817 0.0 
0.0 0.4510019999948514 0.0 
0.0 0.45200199999482465 0.0 
0.0 0.4530019999947979 0.0 
0.0 0.45400199999477114 0.0 
0.0 0.4550019999947444 0.0 
0.0 0.45600199999471763 0.0 
0.0 0.4570019999946909 0.0 
0.0 0.4580019999946641 0.0 
0.0 0.45900199999463737 0.0 
0.0 0.4600019999946106 0.0 
0.0 0.46100199999458386 0.0 
0.0 0.4620019999945571 0.0 
0.0 0.46300199999453034 0.0 
0.0 0.4640019999945036 0.0 
0.0 0.46500199999447683 0.0 
0.0 0.4660019999944501 0.0 
0.0 0.4670019999944233 0.0 
0.0 0.46800199999439657 0.0 
0.0 0.4690019999943698 0.0 
0.0 0.47000199999434306 0.0 
0.0 0.4710019999943163 0.0 
0.0 0.47200199999428955 0.0 
0.0 0.4730019999942628 0.0 
0.0 0.47400199999423603 0.0 
0.0 0.4750019999942093 0.0 
0.0 0.4760019999941825 0.0 
0.0 0.47700199999415577 0.0 
0.0 0.478001999994129 0.0 
0.0 0.47900199999410226 0.0 
0.0 0.4800019999940755 0.0 
0.0 0.48100199999404875 0.0 
0.0 0.482001999994022 0.0 
0.0 0.48300199999399523 0.0 
0.0 0.4840019999939685 0.0 
0.0 0.4850019999939417 0.0 
0.0 0.48600199999391497 0.0 
0.0 0.4870019999938882 0.0 
0.0 0.48800199999386146 0.0 
0.0 0.4890019999938347 0.0 
0.0 0.49000199999380795 0.0 
0.0 0.4910019999937812 0.0 
0.0 0.49200199999375444 0.0 
0.0 0.4930019999937277 0.0 
0.0 0.4940019999937009 0.0 
0.0 0.49500199999367417 0.0 
0.0 0.4960019999936474 0.0 
0.0 0.49700199999362066 0.0 
0.0 0.4980019999935939 0.0 
0.0 0.49900199999356715 0.0 
0.0 0.5000019999935404 0.0 
0.0 0.5010019999935692 0.0 
0.0 0.502001999993598 0.0 
0.0 0.5030019999936267 0.0 
0.0 0.5040019999936555 0.0 
0.0 0.5050019999936842 0.0 
0.0 0.506001999993713 0.0 
0.0 0.5070019999937417 0.0 
0.0 0.5080019999937705 0.0 
0.0 0.5090019999937992 0.0 
0.0 0.510001999993828 0.0 
0.0 0.5110019999938568 0.0 
0.0 0.5120019999938855 0.0 
0.0 0.5130019999939143 0.0 
0.0 0.514001999993943 0.0 
0.0 0.5150019999939718 0.0 
0.0 0.5160019999940005 0.0 
0.0 0.5170019999940293 0.0 
0.0 0.518001999994058 0.0 
0.0 0.5190019999940868 0.0 
0.0 0.5200019999941156 0.0 
0.0 0.5210019999941443 0.0 
0.0 0.5220019999941731 0.0 
0.0 0.5230019999942018 0.0 
0.0 0.5240019999942306 0.0 
0.0 0.5250019999942593 0.0 
0.0 0.5260019999942881 0.0 
0.0 0.5270019999943168 0.0 
0.0 0.5280019999943456 0.0 
0.0 0.5290019999943744 0.0 
0.0 0.5300019999944031 0.0 
0.0 0.5310019999944319 0.0 
0.0 0.5320019999944606 0.0 
0.0 0.5330019999944894 0.0 
0.0 0.5340019999945181 0.0 
0.0 0.5350019999945469 0.0 
0.0 0.5360019999945757 0.0 
0.0 0.5370019999946044 0.0 
0.0 0.5380019999946332 0.0 
0.0 0.5390019999946619 0.0 
0.0 0.5400019999946907 0.0 
0.0 0.5410019999947194 0.0 
0.0 0.5420019999947482 0.0 
0.0 0.5430019999947769 0.0 
0.0 0.5440019999948057 0.0 
0.0 0.5450019999948345 0.0 
0.0 0.5460019999948632 0.0 
0.0 0.547001999994892 0.0 
0.0 0.5480019999949207 0.0 
0.0 0.5490019999949495 0.0 
0.0 0.5500019999949782 0.0 
0.0 0.551001999995007 0.0 
0.0 0.5520019999950357 0.0 
0.0 0.5530019999950645 0.0 
0.0 0.5540019999950933 0.0 
0.0 0.555001999995122 0.0 
0.0 0.5560019999951508 0.0 
0.0 0.5570019999951795 0.0 
0.0 0.5580019999952083 0.0 
0.0 0.559001999995237 0.0 
0.0 0.5600019999952658 0.0 
0.0 0.5610019999952945 0.0 
0.0 0.5620019999953233 0.0 
0.0 0.563001999995352 0.0 
0.0 0.5640019999953808 0.0 
0.0 0.5650019999954096 0.0 
0.0 0.5660019999954383 0.0 
0.0 0.5670019999954671 0.0 
0.0 0.5680019999954958 0.0 
0.0 0.5690019999955246 0.0 
0.0 0.5700019999955533 0.0 
0.0 0.5710019999955821 0.0 
0.0 0.5720019999956109 0.0 
0.0 0.5730019999956396 0.0 
0.0 0.5740019999956684 0.0 
0.0 0.5750019999956971 0.0 
0.0 0.5760019999957259 0.0 
0.0 0.5770019999957546 0.0 
0.0 0.5780019999957834 0.0 
0.0 0.5790019999958121 0.0 
0.0 0.5800019999958409 0.0 
0.0 0.5810019999958697 0.0 
0.0 0.5820019999958984 0.0 
0.0 0.5830019999959272 0.0 
0.0 0.5840019999959559 0.0 
0.0 0.5850019999959847 0.0 
0.0 0.5860019999960134 0.0 
0.0 0.5870019999960422 0.0 
0.0 0.588001999996071 0.0 
0.0 0.5890019999960997 0.0 
0.0 0.5900019999961285 0.0 
0.0 0.5910019999961572 0.0 
0.0 0.592001999996186 0.0 
0.0 0.5930019999962147 0.0 
0.0 0.5940019999962435 0.0 
0.0 0.5950019999962722 0.0 
0.0 0.596001999996301 0.0 
0.0 0.5970019999963297 0.0 
0.0 0.5980019999963585 0.0 
0.0 0.5990019999963873 0.0 
0.0 0.600001999996416 0.0 
0.0 0.6010019999964448 0.0 
0.0 0.6020019999964735 0.0 
0.0 0.6030019999965023 0.0 
0.0 0.604001999996531 0.0 
0.0 0.6050019999965598 0.0 
0.0 0.6060019999965885 0.0 
0.0 0.6070019999966173 0.0 
0.0 0.6080019999966461 0.0 
0.0 0.6090019999966748 0.0 
0.0 0.6100019999967036 0.0 
0.0 0.6110019999967323 0.0 
0.0 0.6120019999967611 0.0 
0.0 0.6130019999967898 0.0 
0.0 0.6140019999968186 0.0 
0.0 0.6150019999968473 0.0 
0.0 0.6160019999968761 0.0 
0.0 0.6170019999969049 0.0 
0.0 0.6180019999969336 0.0 
0.0 0.6190019999969624 0.0 
0.0 0.6200019999969911 0.0 
0.0 0.6210019999970199 0.0 
0.0 0.6220019999970486 0.0 
0.0 0.6230019999970774 0.0 
0.0 0.6240019999971061 0.0 
0.0 0.6250019999971349 0.0 
0.0 0.6260019999971637 0.0 
0.0 0.6270019999971924 0.0 
0.0 0.6280019999972212 0.0 
0.0 0.6290019999972499 0.0 
0.0 0.6300019999972787 0.0 
0.0 0.6310019999973074 0.0 
0.0 0.6320019999973362 0.0 
0.0 0.633001999997365 0.0 
0.0 0.6340019999973937 0.0 
0.0 0.6350019999974225 0.0 
0.0 0.6360019999974512 0.0 
0.0 0.63700199999748 0.0 
0.0 0.6380019999975087 0.0 
0.0 0.6390019999975375 0.0 
0.0 0.6400019999975662 0.0 
0.0 0.641001999997595 0.0 
0.0 0.6420019999976238 0.0 
0.0 0.6430019999976525 0.0 
0.0 0.6440019999976813 0.0 
0.0 0.64500199999771 0.0 
0.0 0.6460019999977388 0.0 
0.0 0.6470019999977675 0.0 
0.0 0.6480019999977963 0.0 
0.0 0.649001999997825 0.0 
0.0 0.6500019999978538 0.0 
0.0 0.6510019999978826 0.0 
0.0 0.6520019999979113 0.0 
0.0 0.6530019999979401 0.0 
0.0 0.6540019999979688 0.0 
0.0 0.6550019999979976 0.0 
0.0 0.6560019999980263 0.0 
0.0 0.6570019999980551 0.0 
0.0 0.6580019999980838 0.0 
0.0 0.6590019999981126 0.0 
0.0 0.6600019999981414 0.0 
0.0 0.6610019999981701 0.0 
0.0 0.6620019999981989 0.0 
0.0 0.6630019999982276 0.0 
0.0 0.6640019999982564 0.0 
0.0 0.6650019999982851 0.0 
0.0 0.6660019999983139 0.0 
0.0 0.6670019999983426 0.0 
0.0 0.6680019999983714 0.0 
0.0 0.6690019999984002 0.0 
0.0 0.6700019999984289 0.0 
0.0 0.6710019999984577 0.0 
0.0 0.6720019999984864 0.0 
0.0 0.6730019999985152 0.0 
0.0 0.6740019999985439 0.0 
0.0 0.6750019999985727 0.0 
0.0 0.6760019999986014 0.0 
0.0 0.6770019999986302 0.0 
0.0 0.678001999998659 0.0 
0.0 0.6790019999986877 0.0 
0.0 0.6800019999987165 0.0 
0.0 0.6810019999987452 0.0 
0.0 0.682001999998774 0.0 
0.0 0.6830019999988027 0.0 
0.0 0.6840019999988315 0.0 
0.0 0.6850019999988602 0.0 
0.0 0.686001999998889 0.0 
0.0 0.6870019999989178 0.0 
0.0 0.6880019999989465 0.0 
0.0 0.6890019999989753 0.0 
0.0 0.690001999999004 0.0 
0.0 0.6910019999990328 0.0 
0.0 0.6920019999990615 0.0 
0.0 0.6930019999990903 0.0 
0.0 0.694001999999119 0.0 
0.0 0.6950019999991478 0.0 
0.0 0.6960019999991766 0.0 
0.0 0.6970019999992053 0.0 
0.0 0.6980019999992341 0.0 
0.0 0.6990019999992628 0.0 
0.0 0.7000019999992916 0.0 
0.0 0.7010019999993203 0.0 
0.0 0.7020019999993491 0.0 
0.0 0.7030019999993778 0.0 
0.0 0.7040019999994066 0.0 
0.0 0.7050019999994354 0.0 
0.0 0.7060019999994641 0.0 
0.0 0.7070019999994929 0.0 
0.0 0.7080019999995216 0.0 
0.0 0.7090019999995504 0.0 
0.0 0.7100019999995791 0.0 
0.0 0.7110019999996079 0.0 
0.0 0.7120019999996366 0.0 
0.0 0.7130019999996654 0.0 
0.0 0.7140019999996942 0.0 
0.0 0.7150019999997229 0.0 
0.0 0.7160019999997517 0.0 
0.0 0.7170019999997804 0.0 
0.0 0.7180019999998092 0.0 
0.0 0.7190019999998379 0.0 
0.0 0.7200019999998667 0.0 
0.0 0.7210019999998954 0.0 
0.0 0.7220019999999242 0.0 
0.0 0.723001999999953 0.0 
0.0 0.7240019999999817 0.0 
0.0 0.7250020000000105 0.0 
0.0 0.7260020000000392 0.0 
0.0 0.727002000000068 0.0 
0.0 0.7280020000000967 0.0 
0.0 0.7290020000001255 0.0 
0.0 0.7300020000001542 0.0 
0.0 0.731002000000183 0.0 
0.0 0.7320020000002118 0.0 
0.0 0.7330020000002405 0.0 
0.0 0.7340020000002693 0.0 
0.0 0.735002000000298 0.0 
0.0 0.7360020000003268 0.0 
0.0 0.7370020000003555 0.0 
0.0 0.7380020000003843 0.0 
0.0 0.739002000000413 0.0 
0.0 0.7400020000004418 0.0 
0.0 0.7410020000004706 0.0 
0.0 0.7420020000004993 0.0 
0.0 0.7430020000005281 0.0 
0.0 0.7440020000005568 0.0 
0.0 0.7450020000005856 0.0 
0.0 0.7460020000006143 0.0 
0.0 0.7470020000006431 0.0 
0.0 0.7480020000006719 0.0 
0.0 0.7490020000007006 0.0 
0.0 0.7500020000007294 0.0 
0.0 0.7510020000007581 0.0 
0.0 0.7520020000007869 0.0 
0.0 0.7530020000008156 0.0 
0.0 0.7540020000008444 0.0 
0.0 0.7550020000008731 0.0 
0.0 0.7560020000009019 0.0 
0.0 0.7570020000009307 0.0 
0.0 0.7580020000009594 0.0 
0.0 0.7590020000009882 0.0 
0.0 0.7600020000010169 0.0 
0.0 0.7610020000010457 0.0 
0.0 0.7620020000010744 0.0 
0.0 0.7630020000011032 0.0 
0.0 0.7640020000011319 0.0 
0.0 0.7650020000011607 0.0 
0.0 0.7660020000011895 0.0 
0.0 0.7670020000012182 0.0 
0.0 0.768002000001247 0.0 
0.0 0.7690020000012757 0.0 
0.0 0.7700020000013045 0.0 
0.0 0.7710020000013332 0.0 
0.0 0.772002000001362 0.0 
0.0 0.7730020000013907 0.0 
0.0 0.7740020000014195 0.0 
0.0 0.7750020000014483 0.0 
0.0 0.776002000001477 0.0 
0.0 0.7770020000015058 0.0 
0.0 0.7780020000015345 0.0 
0.0 0.7790020000015633 0.0 
0.0 0.780002000001592 0.0 
0.0 0.7810020000016208 0.0 
0.0 0.7820020000016495 0.0 
0.0 0.7830020000016783 0.0 
0.0 0.7840020000017071 0.0 
0.0 0.7850020000017358 0.0 
0.0 0.7860020000017646 0.0 
0.0 0.7870020000017933 0.0 
0.0 0.7880020000018221 0.0 
0.0 0.7890020000018508 0.0 
0.0 0.7900020000018796 0.0 
0.0 0.7910020000019083 0.0 
0.0 0.7920020000019371 0.0 
0.0 0.7930020000019659 0.0 
0.0 0.7940020000019946 0.0 
0.0 0.7950020000020234 0.0 
0.0 0.7960020000020521 0.0 
0.0 0.7970020000020809 0.0 
0.0 0.7980020000021096 0.0 
0.0 0.7990020000021384 0.0 
0.0 0.8000020000021671 0.0 
0.0 0.8010020000021959 0.0 
0.0 0.8020020000022247 0.0 
0.0 0.8030020000022534 0.0 
0.0 0.8040020000022822 0.0 
0.0 0.8050020000023109 0.0 
0.0 0.8060020000023397 0.0 
0.0 0.8070020000023684 0.0 
0.0 0.8080020000023972 0.0 
0.0 0.809002000002426 0.0 
0.0 0.8100020000024547 0.0 
0.0 0.8110020000024835 0.0 
0.0 0.8120020000025122 0.0 
0.0 0.813002000002541 0.0 
0.0 0.8140020000025697 0.0 
0.0 0.8150020000025985 0.0 
0.0 0.8160020000026272 0.0 
0.0 0.817002000002656 0.0 
0.0 0.8180020000026847 0.0 
0.0 0.8190020000027135 0.0 
0.0 0.8200020000027423 0.0 
0.0 0.821002000002771 0.0 
0.0 0.8220020000027998 0.0 
0.0 0.8230020000028285 0.0 
0.0 0.8240020000028573 0.0 
0.0 0.825002000002886 0.0 
0.0 0.8260020000029148 0.0 
0.0 0.8270020000029435 0.0 
0.0 0.8280020000029723 0.0 
0.0 0.8290020000030011 0.0 
0.0 0.8300020000030298 0.0 
0.0 0.8310020000030586 0.0 
0.0 0.8320020000030873 0.0 
0.0 0.8330020000031161 0.0 
0.0 0.8340020000031448 0.0 
0.0 0.8350020000031736 0.0 
0.0 0.8360020000032024 0.0 
0.0 0.8370020000032311 0.0 
0.0 0.8380020000032599 0.0 
0.0 0.8390020000032886 0.0 
0.0 0.8400020000033174 0.0 
0.0 0.8410020000033461 0.0 
0.0 0.8420020000033749 0.0 
0.0 0.8430020000034036 0.0 
0.0 0.8440020000034324 0.0 
0.0 0.8450020000034612 0.0 
0.0 0.8460020000034899 0.0 
0.0 0.8470020000035187 0.0 
0.0 0.8480020000035474 0.0 
0.0 0.8490020000035762 0.0 
0.0 0.8500020000036049 0.0 
0.0 0.8510020000036337 0.0 
0.0 0.8520020000036624 0.0 
0.0 0.8530020000036912 0.0 
0.0 0.85400200000372 0.0 
0.0 0.8550020000037487 0.0 
0.0 0.8560020000037775 0.0 
0.0 0.8570020000038062 0.0 
0.0 0.858002000003835 0.0 
0.0 0.8590020000038637 0.0 
0.0 0.8600020000038925 0.0 
0.0 0.8610020000039212 0.0 
0.0 0.86200200000395 0.0 
0.0 0.8630020000039788 0.0 
0.0 0.8640020000040075 0.0 
0.0 0.8650020000040363 0.0 
0.0 0.866002000004065 0.0 
0.0 0.8670020000040938 0.0 
0.0 0.8680020000041225 0.0 
0.0 0.8690020000041513 0.0 
0.0 0.87000200000418 0.0 
0.0 0.8710020000042088 0.0 
0.0 0.8720020000042376 0.0 
0.0 0.8730020000042663 0.0 
0.0 0.8740020000042951 0.0 
0.0 0.8750020000043238 0.0 
0.0 0.8760020000043526 0.0 
0.0 0.8770020000043813 0.0 
0.0 0.8780020000044101 0.0 
0.0 0.8790020000044388 0.0 
0.0 0.8800020000044676 0.0 
0.0 0.8810020000044964 0.0 
0.0 0.8820020000045251 0.0 
0.0 0.8830020000045539 0.0 
0.0 0.8840020000045826 0.0 
0.0 0.8850020000046114 0.0 
0.0 0.8860020000046401 0.0 
0.0 0.8870020000046689 0.0 
0.0 0.8880020000046976 0.0 
0.0 0.8890020000047264 0.0 
0.0 0.8900020000047552 0.0 
0.0 0.8910020000047839 0.0 
0.0 0.8920020000048127 0.0 
0.0 0.8930020000048414 0.0 
0.0 0.8940020000048702 0.0 
0.0 0.8950020000048989 0.0 
0.0 0.8960020000049277 0.0 
0.0 0.8970020000049564 0.0 
0.0 0.8980020000049852 0.0 
0.0 0.899002000005014 0.0 
0.0 0.9000020000050427 0.0 
0.0 0.9010020000050715 0.0 
0.0 0.9020020000051002 0.0 
0.0 0.903002000005129 0.0 
0.0 0.9040020000051577 0.0 
0.0 0.9050020000051865 0.0 
0.0 0.9060020000052152 0.0 
0.0 0.907002000005244 0.0 
0.0 0.9080020000052728 0.0 
0.0 0.9090020000053015 0.0 
0.0 0.9100020000053303 0.0 
0.0 0.911002000005359 0.0 
0.0 0.9120020000053878 0.0 
0.0 0.9130020000054165 0.0 
0.0 0.9140020000054453 0.0 
0.0 0.915002000005474 0.0 
0.0 0.9160020000055028 0.0 
0.0 0.9170020000055316 0.0 
0.0 0.9180020000055603 0.0 
0.0 0.9190020000055891 0.0 
0.0 0.9200020000056178 0.0 
0.0 0.9210020000056466 0.0 
0.0 0.9220020000056753 0.0 
0.0 0.9230020000057041 0.0 
0.0 0.9240020000057328 0.0 
0.0 0.9250020000057616 0.0 
0.0 0.9260020000057904 0.0 
0.0 0.9270020000058191 0.0 
0.0 0.9280020000058479 0.0 
0.0 0.9290020000058766 0.0 
0.0 0.9300020000059054 0.0 
0.0 0.9310020000059341 0.0 
0.0 0.9320020000059629 0.0 
0.0 0.9330020000059916 0.0 
0.0 0.9340020000060204 0.0 
0.0 0.9350020000060492 0.0 
0.0 0.9360020000060779 0.0 
0.0 0.9370020000061067 0.0 
0.0 0.9380020000061354 0.0 
0.0 0.9390020000061642 0.0 
0.0 0.9400020000061929 0.0 
0.0 0.9410020000062217 0.0 
0.0 0.9420020000062505 0.0 
0.0 0.9430020000062792 0.0 
0.0 0.944002000006308 0.0 
0.0 0.9450020000063367 0.0 
0.0 0.9460020000063655 0.0 
0.0 0.9470020000063942 0.0 
0.0 0.948002000006423 0.0 
0.0 0.9490020000064517 0.0 
0.0 0.9500020000064805 0.0 
0.0 0.9510020000065093 0.0 
0.0 0.952002000006538 0.0 
0.0 0.9530020000065668 0.0 
0.0 0.9540020000065955 0.0 
0.0 0.9550020000066243 0.0 
0.0 0.956002000006653 0.0 
0.0 0.9570020000066818 0.0 
0.0 0.9580020000067105 0.0 
0.0 0.9590020000067393 0.0 
0.0 0.960002000006768 0.0 
0.0 0.9610020000067968 0.0 
0.0 0.9620020000068256 0.0 
0.0 0.9630020000068543 0.0 
0.0 0.9640020000068831 0.0 
0.0 0.9650020000069118 0.0 
0.0 0.9660020000069406 0.0 
0.0 0.9670020000069693 0.0 
0.0 0.9680020000069981 0.0 
0.0 0.9690020000070269 0.0 
0.0 0.9700020000070556 0.0 
0.0 0.9710020000070844 0.0 
0.0 0.9720020000071131 0.0 
0.0 0.9730020000071419 0.0 
0.0 0.9740020000071706 0.0 
0.0 0.9750020000071994 0.0 
0.0 0.9760020000072281 0.0 
0.0 0.9770020000072569 0.0 
0.0 0.9780020000072857 0.0 
0.0 0.9790020000073144 0.0 
0.0 0.9800020000073432 0.0 
0.0 0.9810020000073719 0.0 
0.0 0.9820020000074007 0.0 
0.0 0.9830020000074294 0.0 
0.0 0.9840020000074582 0.0 
0.0 0.9850020000074869 0.0 
0.0 0.9860020000075157 0.0 
0.0 0.9870020000075445 0.0 
0.0 0.9880020000075732 0.0 
0.0 0.989002000007602 0.0 
0.0 0.9900020000076307 0.0 
0.0 0.9910020000076595 0.0 
0.0 0.9920020000076882 0.0 
0.0 0.993002000007717 0.0 
0.0 0.9940020000077457 0.0 
0.0 0.9950020000077745 0.0 
0.0 0.9960020000078033 0.0 
0.0 0.997002000007832 0.0 
0.0 0.9980020000078608 0.0 
0.0 0.9990020000078895 0.0 
0.0 1.000002000007918 0.0 
0.0 1.0010020000078357 0.0 
0.0 1.0020020000077534 0.0 
0.0 1.0030020000076711 0.0 
0.0 1.0040020000075889 0.0 
0.0 1.0050020000075066 0.0 
0.0 1.0060020000074243 0.0 
0.0 1.007002000007342 0.0 
0.0 1.0080020000072598 0.0 
0.0 1.0090020000071775 0.0 
0.0 1.0100020000070953 0.0 
0.0 1.011002000007013 0.0 
0.0 1.0120020000069307 0.0 
0.0 1.0130020000068485 0.0 
0.0 1.0140020000067662 0.0 
0.0 1.015002000006684 0.0 
0.0 1.0160020000066017 0.0 
0.0 1.0170020000065194 0.0 
0.0 1.0180020000064371 0.0 
0.0 1.0190020000063549 0.0 
0.0 1.0200020000062726 0.0 
0.0 1.0210020000061903 0.0 
0.0 1.022002000006108 0.0 
0.0 1.0230020000060258 0.0 
0.0 1.0240020000059435 0.0 
0.0 1.0250020000058613 0.0 
0.0 1.026002000005779 0.0 
0.0 1.0270020000056967 0.0 
0.0 1.0280020000056145 0.0 
0.0 1.0290020000055322 0.0 
0.0 1.03000200000545 0.0 
0.0 1.0310020000053677 0.0 
0.0 1.0320020000052854 0.0 
0.0 1.0330020000052031 0.0 
0.0 1.0340020000051209 0.0 
0.0 1.0350020000050386 0.0 
0.0 1.0360020000049563 0.0 
0.0 1.037002000004874 0.0 
0.0 1.0380020000047918 0.0 
0.0 1.0390020000047095 0.0 
0.0 1.0400020000046273 0.0 
0.0 1.041002000004545 0.0 
0.0 1.0420020000044627 0.0 
0.0 1.0430020000043805 0.0 
0.0 1.0440020000042982 0.0 
0.0 1.045002000004216 0.0 
0.0 1.0460020000041337 0.0 
0.0 1.0470020000040514 0.0 
0.0 1.0480020000039691 0.0 
0.0 1.0490020000038869 0.0 
0.0 1.0500020000038046 0.0 
0.0 1.0510020000037223 0.0 
0.0 1.05200200000364 0.0 
0.0 1.0530020000035578 0.0 
0.0 1.0540020000034755 0.0 
0.0 1.0550020000033933 0.0 
0.0 1.056002000003311 0.0 
0.0 1.0570020000032287 0.0 
0.0 1.0580020000031465 0.0 
0.0 1.0590020000030642 0.0 
0.0 1.060002000002982 0.0 
0.0 1.0610020000028997 0.0 
0.0 1.0620020000028174 0.0 
0.0 1.0630020000027351 0.0 
0.0 1.0640020000026529 0.0 
0.0 1.0650020000025706 0.0 
0.0 1.0660020000024883 0.0 
0.0 1.067002000002406 0.0 
0.0 1.0680020000023238 0.0 
0.0 1.0690020000022415 0.0 
0.0 1.0700020000021593 0.0 
0.0 1.071002000002077 0.0 
0.0 1.0720020000019947 0.0 
0.0 1.0730020000019125 0.0 
0.0 1.0740020000018302 0.0 
0.0 1.075002000001748 0.0 
0.0 1.0760020000016657 0.0 
0.0 1.0770020000015834 0.0 
0.0 1.0780020000015011 0.0 
0.0 1.0790020000014189 0.0 
0.0 1.0800020000013366 0.0 
0.0 1.0810020000012543 0.0 
0.0 1.082002000001172 0.0 
0.0 1.0830020000010898 0.0 
0.0 1.0840020000010075 0.0 
0.0 1.0850020000009253 0.0 
0.0 1.086002000000843 0.0 
0.0 1.0870020000007607 0.0 
0.0 1.0880020000006785 0.0 
0.0 1.0890020000005962 0.0 
0.0 1.090002000000514 0.0 
0.0 1.0910020000004317 0.0 
0.0 1.0920020000003494 0.0 
0.0 1.0930020000002671 0.0 
0.0 1.0940020000001849 0.0 
0.0 1.0950020000001026 0.0 
0.0 1.0960020000000203 0.0 
0.0 1.097001999999938 0.0 
0.0 1.0980019999998558 0.0 
0.0 1.0990019999997735 0.0 
0.0 1.1000019999996913 0.0 
0.0 1.101001999999609 0.0 
0.0 1.1020019999995267 0.0 
0.0 1.1030019999994445 0.0 
0.0 1.1040019999993622 0.0 
0.0 1.10500199999928 0.0 
0.0 1.1060019999991977 0.0 
0.0 1.1070019999991154 0.0 
0.0 1.1080019999990331 0.0 
0.0 1.1090019999989509 0.0 
0.0 1.1100019999988686 0.0 
0.0 1.1110019999987863 0.0 
0.0 1.112001999998704 0.0 
0.0 1.1130019999986218 0.0 
0.0 1.1140019999985395 0.0 
0.0 1.1150019999984573 0.0 
0.0 1.116001999998375 0.0 
0.0 1.1170019999982927 0.0 
0.0 1.1180019999982105 0.0 
0.0 1.1190019999981282 0.0 
0.0 1.120001999998046 0.0 
0.0 1.1210019999979637 0.0 
0.0 1.1220019999978814 0.0 
0.0 1.1230019999977991 0.0 
0.0 1.1240019999977169 0.0 
0.0 1.1250019999976346 0.0 
0.0 1.1260019999975523 0.0 
0.0 1.12700199999747 0.0 
0.0 1.1280019999973878 0.0 
0.0 1.1290019999973055 0.0 
0.0 1.1300019999972233 0.0 
0.0 1.131001999997141 0.0 
0.0 1.1320019999970587 0.0 
0.0 1.1330019999969765 0.0 
0.0 1.1340019999968942 0.0 
0.0 1.135001999996812 0.0 
0.0 1.1360019999967297 0.0 
0.0 1.1370019999966474 0.0 
0.0 1.1380019999965652 0.0 
0.0 1.1390019999964829 0.0 
0.0 1.1400019999964006 0.0 
0.0 1.1410019999963184 0.0 
0.0 1.142001999996236 0.0 
0.0 1.1430019999961538 0.0 
0.0 1.1440019999960716 0.0 
0.0 1.1450019999959893 0.0 
0.0 1.146001999995907 0.0 
0.0 1.1470019999958248 0.0 
0.0 1.1480019999957425 0.0 
0.0 1.1490019999956602 0.0 
0.0 1.150001999995578 0.0 
0.0 1.1510019999954957 0.0 
0.0 1.1520019999954134 0.0 
0.0 1.1530019999953312 0.0 
0.0 1.1540019999952489 0.0 
0.0 1.1550019999951666 0.0 
0.0 1.1560019999950844 0.0 
0.0 1.157001999995002 0.0 
0.0 1.1580019999949198 0.0 
0.0 1.1590019999948376 0.0 
0.0 1.1600019999947553 0.0 
0.0 1.161001999994673 0.0 
0.0 1.1620019999945908 0.0 
0.0 1.1630019999945085 0.0 
0.0 1.1640019999944262 0.0 
0.0 1.165001999994344 0.0 
0.0 1.1660019999942617 0.0 
0.0 1.1670019999941794 0.0 
0.0 1.1680019999940972 0.0 
0.0 1.1690019999940149 0.0 
0.0 1.1700019999939326 0.0 
0.0 1.1710019999938504 0.0 
0.0 1.172001999993768 0.0 
0.0 1.1730019999936858 0.0 
0.0 1.1740019999936036 0.0 
0.0 1.1750019999935213 0.0 
0.0 1.176001999993439 0.0 
0.0 1.1770019999933568 0.0 
0.0 1.1780019999932745 0.0 
0.0 1.1790019999931922 0.0 
0.0 1.18000199999311 0.0 
0.0 1.1810019999930277 0.0 
0.0 1.1820019999929454 0.0 
0.0 1.1830019999928632 0.0 
0.0 1.1840019999927809 0.0 
0.0 1.1850019999926986 0.0 
0.0 1.1860019999926164 0.0 
0.0 1.187001999992534 0.0 
0.0 1.1880019999924518 0.0 
0.0 1.1890019999923696 0.0 
0.0 1.1900019999922873 0.0 
0.0 1.191001999992205 0.0 
0.0 1.1920019999921228 0.0 
0.0 1.1930019999920405 0.0 
0.0 1.1940019999919582 0.0 
0.0 1.195001999991876 0.0 
0.0 1.1960019999917937 0.0 
0.0 1.1970019999917114 0.0 
0.0 1.1980019999916292 0.0 
0.0 1.1990019999915469 0.0 
0.0 1.2000019999914646 0.0 
0.0 1.2010019999913824 0.0 
0.0 1.2020019999913 0.0 
0.0 1.2030019999912178 0.0 
0.0 1.2040019999911356 0.0 
0.0 1.2050019999910533 0.0 
0.0 1.206001999990971 0.0 
0.0 1.2070019999908888 0.0 
0.0 1.2080019999908065 0.0 
0.0 1.2090019999907242 0.0 
0.0 1.210001999990642 0.0 
0.0 1.2110019999905597 0.0 
0.0 1.2120019999904774 0.0 
0.0 1.2130019999903952 0.0 
0.0 1.2140019999903129 0.0 
0.0 1.2150019999902306 0.0 
0.0 1.2160019999901484 0.0 
0.0 1.217001999990066 0.0 
0.0 1.2180019999899838 0.0 
0.0 1.2190019999899016 0.0 
0.0 1.2200019999898193 0.0 
0.0 1.221001999989737 0.0 
0.0 1.2220019999896548 0.0 
0.0 1.2230019999895725 0.0 
0.0 1.2240019999894902 0.0 
0.0 1.225001999989408 0.0 
0.0 1.2260019999893257 0.0 
0.0 1.2270019999892434 0.0 
0.0 1.2280019999891612 0.0 
0.0 1.2290019999890789 0.0 
0.0 1.2300019999889966 0.0 
0.0 1.2310019999889144 0.0 
0.0 1.232001999988832 0.0 
0.0 1.2330019999887498 0.0 
0.0 1.2340019999886676 0.0 
0.0 1.2350019999885853 0.0 
0.0 1.236001999988503 0.0 
0.0 1.2370019999884208 0.0 
0.0 1.2380019999883385 0.0 
0.0 1.2390019999882562 0.0 
0.0 1.240001999988174 0.0 
0.0 1.2410019999880917 0.0 
0.0 1.2420019999880094 0.0 
0.0 1.2430019999879272 0.0 
0.0 1.2440019999878449 0.0 
0.0 1.2450019999877626 0.0 
0.0 1.2460019999876804 0.0 
0.0 1.247001999987598 0.0 
0.0 1.2480019999875158 0.0 
0.0 1.2490019999874336 0.0 
0.0 1.2500019999873513 0.0 
0.0 1.251001999987269 0.0 
0.0 1.2520019999871868 0.0 
0.0 1.2530019999871045 0.0 
0.0 1.2540019999870222 0.0 
0.0 1.25500199998694 0.0 
0.0 1.2560019999868577 0.0 
0.0 1.2570019999867754 0.0 
0.0 1.2580019999866932 0.0 
0.0 1.2590019999866109 0.0 
0.0 1.2600019999865286 0.0 
0.0 1.2610019999864464 0.0 
0.0 1.262001999986364 0.0 
0.0 1.2630019999862818 0.0 
0.0 1.2640019999861996 0.0 
0.0 1.2650019999861173 0.0 
0.0 1.266001999986035 0.0 
0.0 1.2670019999859528 0.0 
0.0 1.2680019999858705 0.0 
0.0 1.2690019999857882 0.0 
0.0 1.270001999985706 0.0 
0.0 1.2710019999856237 0.0 
0.0 1.2720019999855414 0.0 
0.0 1.2730019999854592 0.0 
0.0 1.2740019999853769 0.0 
0.0 1.2750019999852946 0.0 
0.0 1.2760019999852124 0.0 
0.0 1.27700199998513 0.0 
0.0 1.2780019999850478 0.0 
0.0 1.2790019999849656 0.0 
0.0 1.2800019999848833 0.0 
0.0 1.281001999984801 0.0 
0.0 1.2820019999847188 0.0 
0.0 1.2830019999846365 0.0 
0.0 1.2840019999845542 0.0 
0.0 1.285001999984472 0.0 
0.0 1.2860019999843897 0.0 
0.0 1.2870019999843074 0.0 
0.0 1.2880019999842252 0.0 
0.0 1.2890019999841429 0.0 
0.0 1.2900019999840606 0.0 
0.0 1.2910019999839784 0.0 
0.0 1.292001999983896 0.0 
0.0 1.2930019999838138 0.0 
0.0 1.2940019999837316 0.0 
0.0 1.2950019999836493 0.0 
0.0 1.296001999983567 0.0 
0.0 1.2970019999834848 0.0 
0.0 1.2980019999834025 0.0 
0.0 1.2990019999833202 0.0 
0.0 1.300001999983238 0.0 
0.0 1.3010019999831557 0.0 
0.0 1.3020019999830734 0.0 
0.0 1.3030019999829912 0.0 
0.0 1.3040019999829089 0.0 
0.0 1.3050019999828266 0.0 
0.0 1.3060019999827444 0.0 
0.0 1.307001999982662 0.0 
0.0 1.3080019999825798 0.0 
0.0 1.3090019999824976 0.0 
0.0 1.3100019999824153 0.0 
0.0 1.311001999982333 0.0 
0.0 1.3120019999822508 0.0 
0.0 1.3130019999821685 0.0 
0.0 1.3140019999820862 0.0 
0.0 1.315001999982004 0.0 
0.0 1.3160019999819217 0.0 
0.0 1.3170019999818394 0.0 
0.0 1.3180019999817572 0.0 
0.0 1.3190019999816749 0.0 
0.0 1.3200019999815926 0.0 
0.0 1.3210019999815104 0.0 
0.0 1.322001999981428 0.0 
0.0 1.3230019999813458 0.0 
0.0 1.3240019999812636 0.0 
0.0 1.3250019999811813 0.0 
0.0 1.326001999981099 0.0 
0.0 1.3270019999810168 0.0 
0.0 1.3280019999809345 0.0 
0.0 1.3290019999808522 0.0 
0.0 1.33000199998077 0.0 
0.0 1.3310019999806877 0.0 
0.0 1.3320019999806054 0.0 
0.0 1.3330019999805232 0.0 
0.0 1.334001999980441 0.0 
0.0 1.3350019999803586 0.0 
0.0 1.3360019999802764 0.0 
0.0 1.337001999980194 0.0 
0.0 1.3380019999801118 0.0 
0.0 1.3390019999800296 0.0 
0.0 1.3400019999799473 0.0 
0.0 1.341001999979865 0.0 
0.0 1.3420019999797828 0.0 
0.0 1.3430019999797005 0.0 
0.0 1.3440019999796182 0.0 
0.0 1.345001999979536 0.0 
0.0 1.3460019999794537 0.0 
0.0 1.3470019999793714 0.0 
0.0 1.3480019999792892 0.0 
0.0 1.349001999979207 0.0 
0.0 1.3500019999791246 0.0 
0.0 1.3510019999790424 0.0 
0.0 1.35200199997896 0.0 
0.0 1.3530019999788778 0.0 
0.0 1.3540019999787956 0.0 
0.0 1.3550019999787133 0.0 
0.0 1.356001999978631 0.0 
0.0 1.3570019999785488 0.0 
0.0 1.3580019999784665 0.0 
0.0 1.3590019999783842 0.0 
0.0 1.360001999978302 0.0 
0.0 1.3610019999782197 0.0 
0.0 1.3620019999781374 0.0 
0.0 1.3630019999780552 0.0 
0.0 1.364001999977973 0.0 
0.0 1.3650019999778906 0.0 
0.0 1.3660019999778084 0.0 
0.0 1.367001999977726 0.0 
0.0 1.3680019999776438 0.0 
0.0 1.3690019999775616 0.0 
0.0 1.3700019999774793 0.0 
0.0 1.0000000000000002E-6 0.0 
0.0 0.001002000000000015 0.0 
0.0 0.0020019999999999413 0.0 
0.0 0.003002000000000074 0.0 
0.0 0.004001000000000207 0.0 
0.0 0.005001000000000339 0.0 
0.0 0.006001000000000472 0.0 
0.0 0.007001000000000605 0.0 
0.0 0.008001000000000574 0.0 
0.0 0.009001999999999838 0.0 
0.0 0.010001999999999104 0.0 
0.0 0.011001999999998369 0.0 
0.0 0.012001999999997634 0.0 
0.0 0.0130019999999969 0.0 
0.0 0.014001999999996165 0.0 
0.0 0.015000999999995431 0.0 
0.0 0.01600099999999535 0.0 
0.0 0.01700099999999635 0.0 
0.0 0.01800099999999735 0.0 
0.0 0.01900099999999835 0.0 
0.0 0.02000099999999935 0.0 
0.0 0.02100100000000035 0.0 
0.0 0.02200100000000135 0.0 
0.0 0.02300100000000235 0.0 
0.0 0.02400100000000335 0.0 
0.0 0.02500100000000435 0.0 
0.0 0.02600100000000535 0.0 
0.0 0.02700100000000635 0.0 
0.0 0.02800100000000735 0.0 
0.0 0.02900100000000835 0.0 
0.0 0.03000100000000935 0.0 
0.0 0.03100100000001035 0.0 
0.0 0.03200100000001135 0.0 
0.0 0.03300100000001235 0.0 
0.0 0.03400100000001335 0.0 
0.0 0.03500100000001435 0.0 
0.0 0.03600100000001535 0.0 
0.0 0.03700100000001635 0.0 
0.0 0.03800100000001735 0.0 
0.0 0.03900100000001835 0.0 
0.0 0.04000100000001935 0.0 
0.0 0.04100100000002035 0.0 
0.0 0.04200100000002135 0.0 
0.0 0.04300100000002235 0.0 
0.0 0.04400100000002335 0.0 
0.0 0.04500100000002435 0.0 
0.0 0.04600100000002535 0.0 
0.0 0.04700100000002635 0.0 
0.0 0.04800100000002735 0.0 
0.0 0.04900100000002835 0.0 
0.0 0.05000100000002935 0.0 
0.0 0.05100100000003035 0.0 
0.0 0.05200100000003135 0.0 
0.0 0.05300100000003235 0.0 
0.0 0.05400100000003335 0.0 
0.0 0.05500100000003435 0.0 
0.0 0.05600100000003535 0.0 
0.0 0.05700100000003635 0.0 
0.0 0.05800200000003735 0.0 
0.0 0.05900200000003835 0.0 
0.0 0.06000200000003935 0.0 
0.0 0.06100200000004035 0.0 
0.0 0.06200200000004135 0.0 
0.0 0.06300200000004234 0.0 
0.0 0.06400200000004334 0.0 
0.0 0.06500200000004434 0.0 
0.0 0.06600200000004534 0.0 
0.0 0.06700200000004634 0.0 
0.0 0.06800200000004734 0.0 
0.0 0.06900200000004834 0.0 
0.0 0.07000200000004934 0.0 
0.0 0.07100200000005034 0.0 
0.0 0.07200200000005134 0.0 
0.0 0.07300200000005234 0.0 
0.0 0.07400200000005334 0.0 
0.0 0.07500200000005434 0.0 
0.0 0.07600200000005534 0.0 
0.0 0.07700200000005634 0.0 
0.0 0.07800200000005734 0.0 
0.0 0.07900200000005834 0.0 
0.0 0.08000200000005935 0.0 
0.0 0.08100200000006035 0.0 
0.0 0.08200200000006135 0.0 
0.0 0.08300200000006235 0.0 
0.0 0.08400200000006335 0.0 
0.0 0.08500200000006435 0.0 
0.0 0.08600200000006535 0.0 
0.0 0.08700200000006635 0.0 
0.0 0.08800200000006735 0.0 
0.0 0.08900200000006835 0.0 
0.0 0.09000200000006935 0.0 
0.0 0.09100200000007035 0.0 
0.0 0.09200200000007135 0.0 
0.0 0.09300200000007235 0.0 
0.0 0.09400200000007335 0.0 
0.0 0.09500200000007435 0.0 
0.0 0.09600200000007535 0.0 
0.0 0.09700200000007635 0.0 
0.0 1.0000000000000002E-6 0.0 
0.0 0.001002000000000015 0.0 
0.0 0.0020019999999999413 0.0 
0.0 0.003002000000000074 0.0 
0.0 0.004001000000000207 0.0 
0.0 0.005001000000000339 0.0 
0.0 0.006001000000000472 0.0 
0.0 0.007001000000000605 0.0 
0.0 0.008001000000000574 0.0 
0.0 0.009001999999999838 0.0 
0.0 0.010001999999999104 0.0 
0.0 0.011001999999998369 0.0 
0.0 0.012001999999997634 0.0 
0.0 0.0130019999999969 0.0 
0.0 0.014001999999996165 0.0 
0.0 0.015000999999995431 0.0 
0.0 0.01600099999999535 0.0 
0.0 0.01700099999999635 0.0 
0.0 0.01800099999999735 0.0 
0.0 0.01900099999999835 0.0 
0.0 0.02000099999999935 0.0 
0.0 0.02100100000000035 0.0 
0.0 0.02200100000000135 0.0 
0.0 0.02300100000000235 0.0 
0.0 0.02400100000000335 0.0 
0.0 0.02500100000000435 0.0 
0.0 0.02600100000000535 0.0 
0.0 0.02700100000000635 0.0 
0.0 0.02800100000000735 0.0 
0.0 0.02900100000000835 0.0 
0.0 0.03000100000000935 0.0 
0.0 0.03100100000001035 0.0 
0.0 0.03200100000001135 0.0 
0.0 0.03300100000001235 0.0 
0.0 0.03400100000001335 0.0 
0.0 0.03500100000001435 0.0 
0.0 0.03600100000001535 0.0 
0.0 0.03700100000001635 0.0 
0.0 0.03800100000001735 0.0 
0.0 0.03900100000001835 0.0 
0.0 0.04000100000001935 0.0 
0.0 0.04100100000002035 0.0 
0.0 0.04200100000002135 0.0 
0.0 0.04300100000002235 0.0 
0.0 0.04400100000002335 0.0 
0.0 0.04500100000002435 0.0 
0.0 0.04600100000002535 0.0 
0.0 0.04700100000002635 0.0 
0.0 0.04800100000002735 0.0 
0.0 0.04900100000002835 0.0 
0.0 0.05000100000002935 0.0 
0.0 0.05100100000003035 0.0 
0.0 0.05200100000003135 0.0 
0.0 0.05300100000003235 0.0 
0.0 0.05400100000003335 0.0 
0.0 0.05500100000003435 0.0 
0.0 0.05600100000003535 0.0 
0.0 0.05700100000003635 0.0 
0.0 0.05800200000003735 0.0 
0.0 0.05900200000003835 0.0 
0.0 0.06000200000003935 0.0 
0.0 0.06100200000004035 0.0 
0.0 0.06200200000004135 0.0 
0.0 0.06300200000004234 0.0 
0.0 0.06400200000004334 0.0 
0.0 0.06500200000004434 0.0 
0.0 0.06600200000004534 0.0 
0.0 0.06700200000004634 0.0 
0.0 0.06800200000004734 0.0 
0.0 0.06900200000004834 0.0 
0.0 0.07000200000004934 0.0 
0.0 0.07100200000005034 0.0 
0.0 0.07200200000005134 0.0 
0.0 0.07300200000005234 0.0 
0.0 0.07400200000005334 0.0 
0.0 0.07500200000005434 0.0 
0.0 0.07600200000005534 0.0 
0.0 0.07700200000005634 0.0 
0.0 0.07800200000005734 0.0 
0.0 0.07900200000005834 0.0 
0.0 0.08000200000005935 0.0 
0.0 0.08100200000006035 0.0 
0.0 0.08200200000006135 0.0 
0.0 0.08300200000006235 0.0 
0.0 0.08400200000006335 0.0 
0.0 0.08500200000006435 0.0 
0.0 0.08600200000006535 0.0 
0.0 0.08700200000006635 0.0 
0.0 0.08800200000006735 0.0 
0.0 0.08900200000006835 0.0 
0.0 0.09000200000006935 0.0 
0.0 0.09100200000007035 0.0 
0.0 0.09200200000007135 0.0 
0.0 0.09300200000007235 0.0 
0.0 0.09400200000007335 0.0 
0.0 0.09500200000007435 0.0 
0.0 0.09600200000007535 0.0 
0.0 0.09700200000007635 0.0 
0.0 0.09800200000007735 0.0 
0.0 0.09900200000007835 0.0 
0.0 0.10000200000007935 0.0 
0.0 0.10100200000008035 0.0 
0.0 0.10200200000008135 0.0 
0.0 0.10300200000008235 0.0 
0.0 0.10400200000008335 0.0 
0.0 0.10500200000008435 0.0 
0.0 0.10600200000008535 0.0 
0.0 0.10700200000008635 0.0 
0.0 0.10800200000008735 0.0 
0.0 0.10900200000008835 0.0 
0.0 0.11000200000008935 0.0 
0.0 0.11100200000009035 0.0 
0.0 0.11200200000009135 0.0 
0.0 0.11300200000009235 0.0 
0.0 0.11400200000009335 0.0 
0.0 0.11500200000009435 0.0 
0.0 0.11600200000009535 0.0 
0.0 0.11700200000009635 0.0 
0.0 0.11800200000009735 0.0 
0.0 0.11900200000009835 0.0 
0.0 0.12000200000009935 0.0 
0.0 0.12100200000010035 0.0 
0.0 0.12200200000010135 0.0 
0.0 0.12300200000010235 0.0 
0.0 0.12400200000010335 0.0 
0.0 0.12500200000010434 0.0 
0.0 0.12600200000010534 0.0 
0.0 0.12700200000010634 0.0 
0.0 0.12800200000010734 0.0 
0.0 0.12900200000010834 0.0 
0.0 0.13000100000010933 0.0 
0.0 0.13100100000011033 0.0 
0.0 0.13200100000011133 0.0 
0.0 0.13300100000011233 0.0 
0.0 0.13400100000011334 0.0 
0.0 0.13500100000011434 0.0 
0.0 0.13600100000011534 0.0 
0.0 0.13700100000011634 0.0 
0.0 0.13800100000011734 0.0 
0.0 0.13900100000011834 0.0 
0.0 0.14000100000011934 0.0 
0.0 0.14100100000012034 0.0 
0.0 0.14200100000012134 0.0 
0.0 0.14300100000012234 0.0 
0.0 0.14400100000012334 0.0 
0.0 0.14500100000012434 0.0 
0.0 0.14600100000012534 0.0 
0.0 0.14700100000012634 0.0 
0.0 0.14800100000012734 0.0 
0.0 0.14900100000012834 0.0 
0.0 0.15000100000012934 0.0 
0.0 0.15100100000013034 0.0 
0.0 0.15200100000013134 0.0 
0.0 0.15300100000013234 0.0 
0.0 0.15400100000013334 0.0 
0.0 0.15500100000013434 0.0 
0.0 0.15600100000013534 0.0 
0.0 0.15700100000013634 0.0 
0.0 0.15800100000013734 0.0 
0.0 0.15900100000013834 0.0 
0.0 0.16000100000013934 0.0 
0.0 0.16100100000014034 0.0 
0.0 0.16200100000014134 0.0 
0.0 0.16300100000014234 0.0 
0.0 0.16400100000014334 0.0 
0.0 0.16500100000014434 0.0 
0.0 0.16600100000014534 0.0 
0.0 0.16700100000014634 0.0 
0.0 0.16800100000014734 0.0 
0.0 0.16900100000014834 0.0 
0.0 0.17000100000014934 0.0 
0.0 0.17100100000015034 0.0 
0.0 0.17200100000015134 0.0 
0.0 0.17300100000015234 0.0 
0.0 0.17400100000015334 0.0 
0.0 0.17500100000015434 0.0 
0.0 0.17600100000015534 0.0 
0.0 0.17700100000015634 0.0 
0.0 0.17800100000015734 0.0 
0.0 0.17900100000015834 0.0 
0.0 0.18000100000015934 0.0 
0.0 0.18100100000016034 0.0 
0.0 0.18200100000016134 0.0 
0.0 0.18300100000016234 0.0 
0.0 0.18400100000016334 0.0 
0.0 0.18500100000016434 0.0 
0.0 0.18600100000016534 0.0 
0.0 0.18700100000016634 0.0 
0.0 0.18800100000016734 0.0 
0.0 0.18900100000016834 0.0 
0.0 0.19000100000016934 0.0 
0.0 0.19100100000017034 0.0 
0.0 0.19200100000017134 0.0 
0.0 0.19300100000017234 0.0 
0.0 0.19400100000017334 0.0 
0.0 0.19500100000017434 0.0 
0.0 0.19600100000017534 0.0 
0.0 0.19700100000017634 0.0 
0.0 0.19800100000017734 0.0 
0.0 0.19900100000017834 0.0 
0.0 0.20000100000017934 0.0 
0.0 0.20100100000018034 0.0 
0.0 0.20200100000018134 0.0 
0.0 0.20300100000018234 0.0 
0.0 0.20400100000018334 0.0 
0.0 0.20500100000018434 0.0 
0.0 0.20600100000018534 0.0 
0.0 0.20700100000018634 0.0 
0.0 0.20800100000018734 0.0 
0.0 0.20900100000018834 0.0 
0.0 0.21000100000018934 0.0 
0.0 0.21100100000019034 0.0 
0.0 0.21200100000019134 0.0 
0.0 0.21300100000019234 0.0 
0.0 0.21400100000019334 0.0 
0.0 0.21500100000019434 0.0 
0.0 0.21600100000019534 0.0 
0.0 0.21700100000019634 0.0 
0.0 0.21800100000019734 0.0 
0.0 0.21900100000019834 0.0 
0.0 0.22000100000019934 0.0 
0.0 0.22100100000020034 0.0 
0.0 0.22200100000020134 0.0 
0.0 0.22300100000020234 0.0 
0.0 0.22400100000020334 0.0 
0.0 0.22500100000020434 0.0 
0.0 0.22600100000020534 0.0 
0.0 0.22700100000020634 0.0 
0.0 0.22800100000020734 0.0 
0.0 0.22900100000020834 0.0 
0.0 0.23000100000020934 0.0 
0.0 0.23100100000021034 0.0 
0.0 0.23200100000021134 0.0 
0.0 0.23300100000021234 0.0 
0.0 0.23400100000021334 0.0 
0.0 0.23500100000021434 0.0 
0.0 0.23600100000021534 0.0 
0.0 0.23700100000021634 0.0 
0.0 0.23800100000021734 0.0 
0.0 0.23900100000021834 0.0 
0.0 0.24000100000021934 0.0 
0.0 0.24100100000022034 0.0 
0.0 0.24200100000022134 0.0 
0.0 0.24300100000022234 0.0 
0.0 0.24400100000022334 0.0 
0.0 0.24500100000022434 0.0 
0.0 0.24600100000022534 0.0 
0.0 0.24700100000022635 0.0 
0.0 0.24800100000022735 0.0 
0.0 0.24900100000022835 0.0 
0.0 0.2500010000002293 0.0 
0.0 0.25100100000020253 0.0 
0.0 0.2520010000001758 0.0 
0.0 0.253001000000149 0.0 
0.0 0.25400100000012227 0.0 
0.0 0.2550010000000955 0.0 
0.0 0.25600100000006876 0.0 
0.0 0.257001000000042 0.0 
0.0 0.25800100000001525 0.0 
0.0 0.2590009999999885 0.0 
0.0 0.26000099999996173 0.0 
0.0 0.261000999999935 0.0 
0.0 0.2620009999999082 0.0 
0.0 0.26300099999988147 0.0 
0.0 0.2640009999998547 0.0 
0.0 0.26500099999982796 0.0 
0.0 0.2660009999998012 0.0 
0.0 0.26700099999977445 0.0 
0.0 0.2680009999997477 0.0 
0.0 0.26900099999972094 0.0 
0.0 0.2700009999996942 0.0 
0.0 0.2710009999996674 0.0 
0.0 0.27200099999964067 0.0 
0.0 0.2730009999996139 0.0 
0.0 0.27400099999958716 0.0 
0.0 0.2750009999995604 0.0 
0.0 0.27600099999953365 0.0 
0.0 0.2770009999995069 0.0 
0.0 0.27800099999948014 0.0 
0.0 0.2790009999994534 0.0 
0.0 0.2800009999994266 0.0 
0.0 0.28100099999939987 0.0 
0.0 0.2820009999993731 0.0 
0.0 0.28300099999934636 0.0 
0.0 0.2840009999993196 0.0 
0.0 0.28500099999929285 0.0 
0.0 0.2860009999992661 0.0 
0.0 0.28700099999923934 0.0 
0.0 0.2880009999992126 0.0 
0.0 0.2890009999991858 0.0 
0.0 0.29000099999915907 0.0 
0.0 0.2910009999991323 0.0 
0.0 0.29200099999910556 0.0 
0.0 0.2930009999990788 0.0 
0.0 0.29400099999905205 0.0 
0.0 0.2950009999990253 0.0 
0.0 0.29600099999899854 0.0 
0.0 0.2970009999989718 0.0 
0.0 0.298000999998945 0.0 
0.0 0.29900099999891827 0.0 
0.0 0.3000009999988915 0.0 
0.0 0.30100099999886476 0.0 
0.0 0.302000999998838 0.0 
0.0 0.30300099999881125 0.0 
0.0 0.3040009999987845 0.0 
0.0 0.30500099999875774 0.0 
0.0 0.306000999998731 0.0 
0.0 0.3070009999987042 0.0 
0.0 0.30800099999867747 0.0 
1.0 1.0000000000000002E-6 0.0 
1.0 1.0000000000000002E-6 0.0 
1.0 1.0000000000000002E-6 0.0 
1.0 1.0000000000000002E-6 0.0 
1.0 1.0000000000000002E-6 0.0 
1.0 1.0000000000000002E-6 0.0 
1.0 1.0000000000000002E-6 0.0 
1.0 1.0000000000000002E-6 0.0 
1.0 1.0000000000000002E-6 0.0 
1.0 1.0000000000000002E-6 0.0 
1.0 1.0000000000000002E-6 0.0 
1.0 1.0000000000000002E-6 0.0 
1.0 1.0000000000000002E-6 0.0 
1.0 1.0000000000000002E-6 0.0 
1.0 1.0000000000000002E-6 0.0 
1.0 1.0000000000000002E-6 0.0 
1.0 1.0000000000000002E-6 0.0 
1.0 1.0000000000000002E-6 0.0 
1.0 1.0000000000000002E-6 0.0 
1.0 1.0000000000000002E-6 0.0 
1.0 1.0000000000000002E-6 0.0 
1.0 1.0000000000000002E-6 0.0 
1.0 1.0000000000000002E-6 0.0 
1.0 1.0000000000000002E-6 0.0 
1.0 1.0000000000000002E-6 0.0 
1.0 1.0000000000000002E-6 0.0 
1.0 1.0000000000000002E-6 0.0 
1.0 1.0000000000000002E-6 0.0 
1.0 1.0000000000000002E-6 0.0 
1.0 1.0000000000000002E-6 0.0 
1.0 1.0000000000000002E-6 0.0 
1.0 1.0000000000000002E-6 0.0 
1.0 1.0000000000000002E-6 0.0 
1.0 1.0000000000000002E-6 0.0 
1.0 1.0000000000000002E-6 0.0 
1.0 1.0000000000000002E-6 0.0 
1.0 1.0000000000000002E-6 0.0 
1.0 1.0000000000000002E-6 0.0 
1.0 1.0000000000000002E-6 0.0 
1.0 1.0000000000000002E-6 0.0 
1.0 1.0000000000000002E-6 0.0 
1.0 1.0000000000000002E-6 0.0 
1.0 1.0000000000000002E-6 0.0 
1.0 1.0000000000000002E-6 0.0 
1.0 1.0000000000000002E-6 0.0 
1.0 1.0000000000000002E-6 0.0 
1.0 1.0000000000000002E-6 0.0 
1.0 1.0000000000000002E-6 0.0 
1.0 1.0000000000000002E-6 0.0 
1.0 1.0000000000000002E-6 0.0 
1.0 1.0000000000000002E-6 0.0 
1.0 1.0000000000000002E-6 0.0 
1.0 1.0000000000000002E-6 0.0 
1.0 1.0000000000000002E-6 0.0 
1.0 1.0000000000000002E-6 0.0 
1.0 1.0000000000000002E-6 0.0 
1.0 1.0000000000000002E-6 0.0 
1.0 1.0000000000000002E-6 0.0 
1.0 1.0000000000000002E-6 0.0 
1.0 1.0000000000000002E-6 0.0 
1.0 1.0000000000000002E-6 0.0 
1.0 1.0000000000000002E-6 0.0 
1.0 1.0000000000000002E-6 0.0 
1.0 1.0000000000000002E-6 0.0 
1.0 1.0000000000000002E-6 0.0 
1.0 1.0000000000000002E-6 0.0 
1.0 1.0000000000000002E-6 0.0 
1.0 1.0000000000000002E-6 0.0 
1.0 1.0000000000000002E-6 0.0 
1.0 1.0000000000000002E-6 0.0 
1.0 1.0000000000000002E-6 0.0 
1.0 1.0000000000000002E-6 0.0 
1.0 1.0000000000000002E-6 0.0 
1.0 1.0000000000000002E-6 0.0 
1.0 1.0000000000000002E-6 0.0 
1.0 1.0000000000000002E-6 0.0 
1.0 1.0000000000000002E-6 0.0 
1.0 1.0000000000000002E-6 0.0 
1.0 1.0000000000000002E-6 0.0 
1.0 1.0000000000000002E-6 0.0 
1.0 1.0000000000000002E-6 0.0 
1.0 1.0000000000000002E-6 0.0 
1.0 1.0000000000000002E-6 0.0 
1.0 1.0000000000000002E-6 0.0 
1.0 1.0000000000000002E-6 0.0 
1.0 1.0000000000000002E-6 0.0 
1.0 1.0000000000000002E-6 0.0 
1.0 1.0000000000000002E-6 0.0 
1.0 1.0000000000000002E-6 0.0 
1.0 1.0000000000000002E-6 0.0 
1.0 1.0000000000000002E-6 0.0 
1.0 1.0000000000000002E-6 0.0 
1.0 1.0000000000000002E-6 0.0 
1.0 1.0000000000000002E-6 0.0 
1.0 1.0000000000000002E-6 0.0 
1.0 1.0000000000000002E-6 0.0 
1.0 1.0000000000000002E-6 0.0 
1.0 1.0000000000000002E-6 0.0 
1.0 1.0000000000000002E-6 0.0 
1.0 1.0000000000000002E-6 0.0 
1.0 1.0000000000000002E-6 0.0 
1.0 1.0000000000000002E-6 0.0 
1.0 1.0000000000000002E-6 0.0 
1.0 1.0000000000000002E-6 0.0 
1.0 1.0000000000000002E-6 0.0 
1.0 1.0000000000000002E-6 0.0 
1.0 1.0000000000000002E-6 0.0 
1.0 1.0000000000000002E-6 0.0 
1.0 1.0000000000000002E-6 0.0 
1.0 1.0000000000000002E-6 0.0 
1.0 1.0000000000000002E-6 0.0 
1.0 1.0000000000000002E-6 0.0 
1.0 1.0000000000000002E-6 0.0 
1.0 1.0000000000000002E-6 0.0 
1.0 1.0000000000000002E-6 0.0 
1.0 1.0000000000000002E-6 0.0 
1.0 1.0000000000000002E-6 0.0 
1.0 1.0000000000000002E-6 0.0 
1.0 1.0000000000000002E-6 0.0 
1.0 1.0000000000000002E-6 0.0 
1.0 1.0000000000000002E-6 0.0 
1.0 1.0000000000000002E-6 0.0 
1.0 1.0000000000000002E-6 0.0 
1.0 1.0000000000000002E-6 0.0 
1.0 1.0000000000000002E-6 0.0 
1.0 1.0000000000000002E-6 0.0 
1.0 1.0000000000000002E-6 0.0 
1.0 1.0000000000000002E-6 0.0 
1.0 1.0000000000000002E-6 0.0 
1.0 1.0000000000000002E-6 0.0 
1.0 1.0000000000000002E-6 0.0 
1.0 1.0000000000000002E-6 0.0 
1.0 1.0000000000000002E-6 0.0 
1.0 1.0000000000000002E-6 0.0 
1.0 1.0000000000000002E-6 0.0 
1.0 1.0000000000000002E-6 0.0 
1.0 1.0000000000000002E-6 0.0 
1.0 1.0000000000000002E-6 0.0 
1.0 1.0000000000000002E-6 0.0 
1.0 1.0000000000000002E-6 0.0 
1.0 1.0000000000000002E-6 0.0 
1.0 1.0000000000000002E-6 0.0 
1.0 1.0000000000000002E-6 0.0 
1.0 1.0000000000000002E-6 0.0 
1.0 1.0000000000000002E-6 0.0 
1.0 1.0000000000000002E-6 0.0 
1.0 1.0000000000000002E-6 0.0 
1.0 1.0000000000000002E-6 0.0 
1.0 1.0000000000000002E-6 0.0 
1.0 1.0000000000000002E-6 0.0 
1.0 1.0000000000000002E-6 0.0 
1.0 1.0000000000000002E-6 0.0 
1.0 1.0000000000000002E-6 0.0 
1.0 1.0000000000000002E-6 0.0 
1.0 1.0000000000000002E-6 0.0 
1.0 1.0000000000000002E-6 0.0 
1.0 1.0000000000000002E-6 0.0 
1.0 1.0000000000000002E-6 0.0 
1.0 1.0000000000000002E-6 0.0 
1.0 1.0000000000000002E-6 0.0 
1.0 1.0000000000000002E-6 0.0 
1.0 1.0000000000000002E-6 0.0 
1.0 1.0000000000000002E-6 0.0 
1.0 1.0000000000000002E-6 0.0 
1.0 1.0000000000000002E-6 0.0 
1.0 1.0000000000000002E-6 0.0 
1.0 1.0000000000000002E-6 0.0 
1.0 1.0000000000000002E-6 0.0 
1.0 1.0000000000000002E-6 0.0 
1.0 1.0000000000000002E-6 0.0 
1.0 1.0000000000000002E-6 0.0 
1.0 1.0000000000000002E-6 0.0 
1.0 1.0000000000000002E-6 0.0 
1.0 1.0000000000000002E-6 0.0 
1.0 1.0000000000000002E-6 0.0 
1.0 1.0000000000000002E-6 0.0 
1.0 1.0000000000000002E-6 0.0 
1.0 1.0000000000000002E-6 0.0 
1.0 1.0000000000000002E-6 0.0 
1.0 1.0000000000000002E-6 0.0 
1.0 1.0000000000000002E-6 0.0 
1.0 1.0000000000000002E-6 0.0 
1.0 1.0000000000000002E-6 0.0 
1.0 1.0000000000000002E-6 0.0 
1.0 1.0000000000000002E-6 0.0 
1.0 1.0000000000000002E-6 0.0 
1.0 1.0000000000000002E-6 0.0 
1.0 1.0000000000000002E-6 0.0 
1.0 1.0000000000000002E-6 0.0 
1.0 1.0000000000000002E-6 0.0 
1.0 1.0000000000000002E-6 0.0 
1.0 1.0000000000000002E-6 0.0 
1.0 1.0000000000000002E-6 0.0 
1.0 1.0000000000000002E-6 0.0 
1.0 1.0000000000000002E-6 0.0 
1.0 1.0000000000000002E-6 0.0 
1.0 1.0000000000000002E-6 0.0 
1.0 1.0000000000000002E-6 0.0 
1.0 1.0000000000000002E-6 0.0 
1.0 1.0000000000000002E-6 0.0 
1.0 1.0000000000000002E-6 0.0 
1.0 1.0000000000000002E-6 0.0 
1.0 1.0000000000000002E-6 0.0 
1.0 1.0000000000000002E-6 0.0 
1.0 1.0000000000000002E-6 0.0 
1.0 1.0000000000000002E-6 0.0 
1.0 1.0000000000000002E-6 0.0 
1.0 1.0000000000000002E-6 0.0 
1.0 1.0000000000000002E-6 0.0 
1.0 1.0000000000000002E-6 0.0 
1.0 1.0000000000000002E-6 0.0 
1.0 1.0000000000000002E-6 0.0 
1.0 1.0000000000000002E-6 0.0 
1.0 1.0000000000000002E-6 0.0 
1.0 1.0000000000000002E-6 0.0 
1.0 1.0000000000000002E-6 0.0 
1.0 1.0000000000000002E-6 0.0 
1.0 1.0000000000000002E-6 0.0 
1.0 1.0000000000000002E-6 0.0 
1.0 1.0000000000000002E-6 0.0 
1.0 1.0000000000000002E-6 0.0 
1.0 1.0000000000000002E-6 0.0 
1.0 1.0000000000000002E-6 0.0 
1.0 1.0000000000000002E-6 0.0 
1.0 1.0000000000000002E-6 0.0 
1.0 1.0000000000000002E-6 0.0 
1.0 1.0000000000000002E-6 0.0 
1.0 1.0000000000000002E-6 0.0 
1.0 1.0000000000000002E-6 0.0 
1.0 1.0000000000000002E-6 0.0 
1.0 1.0000000000000002E-6 0.0 
1.0 1.0000000000000002E-6 0.0 
1.0 1.0000000000000002E-6 0.0 
1.0 1.0000000000000002E-6 0.0 
1.0 1.0000000000000002E-6 0.0 
1.0 1.0000000000000002E-6 0.0 
1.0 1.0000000000000002E-6 0.0 
1.0 1.0000000000000002E-6 0.0 
1.0 1.0000000000000002E-6 0.0 
1.0 1.0000000000000002E-6 0.0 
1.0 1.0000000000000002E-6 0.0 
1.0 1.0000000000000002E-6 0.0 
1.0 1.0000000000000002E-6 0.0 
1.0 1.0000000000000002E-6 0.0 
1.0 1.0000000000000002E-6 0.0 
1.0 1.0000000000000002E-6 0.0 
1.0 1.0000000000000002E-6 0.0 
1.0 1.0000000000000002E-6 0.0 
1.0 1.0000000000000002E-6 0.0 
1.0 1.0000000000000002E-6 0.0 
1.0 1.0000000000000002E-6 0.0 
1.0 1.0000000000000002E-6 0.0 
1.0 1.0000000000000002E-6 0.0 
1.0 1.0000000000000002E-6 0.0 
1.0 1.0000000000000002E-6 0.0 
1.0 1.0000000000000002E-6 0.0 
1.0 1.0000000000000002E-6 0.0 
1.0 1.0000000000000002E-6 0.0 
1.0 1.0000000000000002E-6 0.0 
1.0 1.0000000000000002E-6 0.0 
1.0 1.0000000000000002E-6 0.0 
1.0 1.0000000000000002E-6 0.0 
1.0 1.0000000000000002E-6 0.0 
1.0 1.0000000000000002E-6 0.0 
1.0 1.0000000000000002E-6 0.0 
1.0 1.0000000000000002E-6 0.0 
1.0 1.0000000000000002E-6 0.0 
1.0 1.0000000000000002E-6 0.0 
1.0 1.0000000000000002E-6 0.0 
1.0 1.0000000000000002E-6 0.0 
1.0 1.0000000000000002E-6 0.0 
1.0 1.0000000000000002E-6 0.0 
1.0 1.0000000000000002E-6 0.0 
1.0 1.0000000000000002E-6 0.0 
1.0 1.0000000000000002E-6 0.0 
1.0 1.0000000000000002E-6 0.0 
1.0 1.0000000000000002E-6 0.0 
1.0 1.0000000000000002E-6 0.0 
1.0 1.0000000000000002E-6 0.0 
1.0 1.0000000000000002E-6 0.0 
1.0 1.0000000000000002E-6 0.0 
1.0 1.0000000000000002E-6 0.0 
1.0 1.0000000000000002E-6 0.0 
1.0 1.0000000000000002E-6 0.0 
1.0 1.0000000000000002E-6 0.0 
1.0 1.0000000000000002E-6 0.0 
1.0 1.0000000000000002E-6 0.0 
1.0 1.0000000000000002E-6 0.0 
1.0 1.0000000000000002E-6 0.0 
1.0 1.0000000000000002E-6 0.0 
1.0 1.0000000000000002E-6 0.0 
1.0 1.0000000000000002E-6 0.0 
1.0 1.0000000000000002E-6 0.0 
1.0 1.0000000000000002E-6 0.0 
1.0 1.0000000000000002E-6 0.0 
1.0 1.0000000000000002E-6 0.0 
1.0 1.0000000000000002E-6 0.0 
1.0 1.0000000000000002E-6 0.0 
1.0 1.0000000000000002E-6 0.0 
1.0 1.0000000000000002E-6 0.0 
1.0 1.0000000000000002E-6 0.0 
1.0 1.0000000000000002E-6 0.0 
1.0 1.0000000000000002E-6 0.0 
1.0 1.0000000000000002E-6 0.0 
1.0 1.0000000000000002E-6 0.0 
1.0 1.0000000000000002E-6 0.0 
1.0 1.0000000000000002E-6 0.0 
1.0 1.0000000000000002E-6 0.0 
1.0 1.0000000000000002E-6 0.0 
1.0 1.0000000000000002E-6 0.0 
1.0 1.0000000000000002E-6 0.0 
1.0 1.0000000000000002E-6 0.0 
1.0 1.0000000000000002E-6 0.0 
1.0 1.0000000000000002E-6 0.0 
1.0 1.0000000000000002E-6 0.0 
1.0 1.0000000000000002E-6 0.0 
1.0 1.0000000000000002E-6 0.0 
1.0 1.0000000000000002E-6 0.0 
1.0 1.0000000000000002E-6 0.0 
1.0 1.0000000000000002E-6 0.0 
1.0 1.0000000000000002E-6 0.0 
1.0 1.0000000000000002E-6 0.0 
1.0 1.0000000000000002E-6 0.0 
1.0 1.0000000000000002E-6 0.0 
1.0 1.0000000000000002E-6 0.0 
1.0 1.0000000000000002E-6 0.0 
1.0 1.0000000000000002E-6 0.0 
1.0 1.0000000000000002E-6 0.0 
1.0 1.0000000000000002E-6 0.0 
1.0 1.0000000000000002E-6 0.0 
1.0 1.0000000000000002E-6 0.0 
1.0 1.0000000000000002E-6 0.0 
1.0 1.0000000000000002E-6 0.0 
1.0 1.0000000000000002E-6 0.0 
1.0 1.0000000000000002E-6 0.0 
1.0 1.0000000000000002E-6 0.0 
1.0 1.0000000000000002E-6 0.0 
1.0 1.0000000000000002E-6 0.0 
1.0 1.0000000000000002E-6 0.0 
1.0 1.0000000000000002E-6 0.0 
1.0 1.0000000000000002E-6 0.0 
1.0 1.0000000000000002E-6 0.0 
1.0 1.0000000000000002E-6 0.0 
1.0 1.0000000000000002E-6 0.0 
1.0 1.0000000000000002E-6 0.0 
1.0 1.0000000000000002E-6 0.0 
1.0 1.0000000000000002E-6 0.0 
1.0 1.0000000000000002E-6 0.0 
1.0 1.0000000000000002E-6 0.0 
1.0 1.0000000000000002E-6 0.0 
1.0 1.0000000000000002E-6 0.0 
1.0 1.0000000000000002E-6 0.0 
1.0 1.0000000000000002E-6 0.0 
1.0 1.0000000000000002E-6 0.0 
1.0 1.0000000000000002E-6 0.0 
1.0 1.0000000000000002E-6 0.0 
1.0 1.0000000000000002E-6 0.0 
1.0 1.0000000000000002E-6 0.0 
1.0 1.0000000000000002E-6 0.0 
1.0 1.0000000000000002E-6 0.0 
1.0 1.0000000000000002E-6 0.0 
1.0 1.0000000000000002E-6 0.0 
1.0 1.0000000000000002E-6 0.0 
1.0 1.0000000000000002E-6 0.0 
1.0 1.0000000000000002E-6 0.0 
1.0 1.0000000000000002E-6 0.0 
1.0 1.0000000000000002E-6 0.0 
1.0 1.0000000000000002E-6 0.0 
1.0 1.0000000000000002E-6 0.0 
1.0 1.0000000000000002E-6 0.0 
1.0 1.0000000000000002E-6 0.0 
1.0 1.0000000000000002E-6 0.0 
1.0 1.0000000000000002E-6 0.0 
1.0 1.0000000000000002E-6 0.0 
1.0 1.0000000000000002E-6 0.0 
1.0 1.0000000000000002E-6 0.0 
1.0 1.0000000000000002E-6 0.0 
1.0 1.0000000000000002E-6 0.0 
1.0 1.0000000000000002E-6 0.0 
1.0 1.0000000000000002E-6 0.0 
1.0 1.0000000000000002E-6 0.0 
1.0 1.0000000000000002E-6 0.0 
1.0 1.0000000000000002E-6 0.0 
1.0 1.0000000000000002E-6 0.0 
1.0 1.0000000000000002E-6 0.0 
1.0 1.0000000000000002E-6 0.0 
1.0 1.0000000000000002E-6 0.0 
1.0 1.0000000000000002E-6 0.0 
1.0 1.0000000000000002E-6 0.0 
1.0 1.0000000000000002E-6 0.0 
1.0 1.0000000000000002E-6 0.0 
1.0 1.0000000000000002E-6 0.0 
1.0 1.0000000000000002E-6 0.0 
1.0 1.0000000000000002E-6 0.0 
1.0 1.0000000000000002E-6 0.0 
1.0 1.0000000000000002E-6 0.0 
1.0 1.0000000000000002E-6 0.0 
1.0 1.0000000000000002E-6 0.0 
1.0 1.0000000000000002E-6 0.0 
1.0 1.0000000000000002E-6 0.0 
1.0 1.0000000000000002E-6 0.0 
1.0 1.0000000000000002E-6 0.0 
1.0 1.0000000000000002E-6 0.0 
1.0 1.0000000000000002E-6 0.0 
1.0 1.0000000000000002E-6 0.0 
1.0 1.0000000000000002E-6 0.0 
1.0 1.0000000000000002E-6 0.0 
1.0 1.0000000000000002E-6 0.0 
1.0 1.0000000000000002E-6 0.0 
1.0 1.0000000000000002E-6 0.0 
1.0 1.0000000000000002E-6 0.0 
1.0 1.0000000000000002E-6 0.0 
1.0 1.0000000000000002E-6 0.0 
1.0 1.0000000000000002E-6 0.0 
1.0 1.0000000000000002E-6 0.0 
1.0 1.0000000000000002E-6 0.0 
1.0 1.0000000000000002E-6 0.0 
1.0 1.0000000000000002E-6 0.0 
1.0 1.0000000000000002E-6 0.0 
1.0 1.0000000000000002E-6 0.0 
1.0 1.0000000000000002E-6 0.0 
1.0 1.0000000000000002E-6 0.0 
1.0 1.0000000000000002E-6 0.0 
1.0 1.0000000000000002E-6 0.0 
1.0 1.0000000000000002E-6 0.0 
1.0 1.0000000000000002E-6 0.0 
1.0 1.0000000000000002E-6 0.0 
1.0 1.0000000000000002E-6 0.0 
1.0 1.0000000000000002E-6 0.0 
1.0 1.0000000000000002E-6 0.0 
1.0 1.0000000000000002E-6 0.0 
1.0 1.0000000000000002E-6 0.0 
1.0 1.0000000000000002E-6 0.0 
1.0 1.0000000000000002E-6 0.0 
1.0 1.0000000000000002E-6 0.0 
1.0 1.0000000000000002E-6 0.0 
1.0 1.0000000000000002E-6 0.0 
1.0 1.0000000000000002E-6 0.0 
1.0 1.0000000000000002E-6 0.0 
1.0 1.0000000000000002E-6 0.0 
1.0 1.0000000000000002E-6 0.0 
1.0 1.0000000000000002E-6 0.0 
1.0 1.0000000000000002E-6 0.0 
1.0 1.0000000000000002E-6 0.0 
1.0 1.0000000000000002E-6 0.0 
1.0 1.0000000000000002E-6 0.0 
1.0 1.0000000000000002E-6 0.0 
1.0 1.0000000000000002E-6 0.0 
1.0 1.0000000000000002E-6 0.0 
1.0 1.0000000000000002E-6 0.0 
1.0 1.0000000000000002E-6 0.0 
1.0 1.0000000000000002E-6 0.0 
1.0 1.0000000000000002E-6 0.0 
1.0 1.0000000000000002E-6 0.0 
1.0 1.0000000000000002E-6 0.0 
1.0 1.0000000000000002E-6 0.0 
1.0 1.0000000000000002E-6 0.0 
1.0 1.0000000000000002E-6 0.0 
1.0 1.0000000000000002E-6 0.0 
1.0 1.0000000000000002E-6 0.0 
1.0 1.0000000000000002E-6 0.0 
1.0 1.0000000000000002E-6 0.0 
1.0 1.0000000000000002E-6 0.0 
1.0 1.0000000000000002E-6 0.0 
1.0 1.0000000000000002E-6 0.0 
1.0 1.0000000000000002E-6 0.0 
1.0 1.0000000000000002E-6 0.0 
1.0 1.0000000000000002E-6 0.0 
1.0 1.0000000000000002E-6 0.0 
1.0 1.0000000000000002E-6 0.0 
1.0 1.0000000000000002E-6 0.0 
1.0 1.0000000000000002E-6 0.0 
1.0 1.0000000000000002E-6 0.0 
1.0 1.0000000000000002E-6 0.0 
1.0 1.0000000000000002E-6 0.0 
1.0 1.0000000000000002E-6 0.0 
1.0 1.0000000000000002E-6 0.0 
1.0 1.0000000000000002E-6 0.0 
1.0 1.0000000000000002E-6 0.0 
1.0 1.0000000000000002E-6 0.0 
1.0 1.0000000000000002E-6 0.0 
1.0 1.0000000000000002E-6 0.0 
1.0 1.0000000000000002E-6 0.0 
1.0 1.0000000000000002E-6 0.0 
1.0 1.0000000000000002E-6 0.0 
1.0 1.0000000000000002E-6 0.0 
1.0 1.0000000000000002E-6 0.0 
1.0 1.0000000000000002E-6 0.0 
1.0 1.0000000000000002E-6 0.0 
1.0 1.0000000000000002E-6 0.0 
1.0 1.0000000000000002E-6 0.0 
1.0 1.0000000000000002E-6 0.0 
1.0 1.0000000000000002E-6 0.0 
1.0 1.0000000000000002E-6 0.0 
1.0 1.0000000000000002E-6 0.0 
1.0 1.0000000000000002E-6 0.0 
1.0 1.0000000000000002E-6 0.0 
1.0 1.0000000000000002E-6 0.0 
1.0 1.0000000000000002E-6 0.0 
1.0 1.0000000000000002E-6 0.0 
1.0 1.0000000000000002E-6 0.0 
1.0 1.0000000000000002E-6 0.0 
1.0 1.0000000000000002E-6 0.0 
1.0 1.0000000000000002E-6 0.0 
1.0 1.0000000000000002E-6 0.0 
1.0 1.0000000000000002E-6 0.0 
1.0 1.0000000000000002E-6 0.0 
1.0 1.0000000000000002E-6 0.0 
1.0 1.0000000000000002E-6 0.0 
1.0 1.0000000000000002E-6 0.0 
1.0 1.0000000000000002E-6 0.0 
1.0 1.0000000000000002E-6 0.0 
1.0 1.0000000000000002E-6 0.0 
1.0 1.0000000000000002E-6 0.0 
1.0 1.0000000000000002E-6 0.0 
1.0 1.0000000000000002E-6 0.0 
1.0 1.0000000000000002E-6 0.0 
1.0 1.0000000000000002E-6 0.0 
1.0 1.0000000000000002E-6 0.0 
1.0 1.0000000000000002E-6 0.0 
1.0 1.0000000000000002E-6 0.0 
1.0 1.0000000000000002E-6 0.0 
1.0 1.0000000000000002E-6 0.0 
1.0 1.0000000000000002E-6 0.0 
1.0 1.0000000000000002E-6 0.0 
1.0 1.0000000000000002E-6 0.0 
1.0 1.0000000000000002E-6 0.0 
1.0 1.0000000000000002E-6 0.0 
1.0 1.0000000000000002E-6 0.0 
1.0 1.0000000000000002E-6 0.0 
1.0 1.0000000000000002E-6 0.0 
1.0 1.0000000000000002E-6 0.0 
1.0 1.0000000000000002E-6 0.0 
1.0 1.0000000000000002E-6 0.0 
1.0 1.0000000000000002E-6 0.0 
1.0 1.0000000000000002E-6 0.0 
1.0 1.0000000000000002E-6 0.0 
1.0 1.0000000000000002E-6 0.0 
1.0 1.0000000000000002E-6 0.0 
1.0 1.0000000000000002E-6 0.0 
1.0 1.0000000000000002E-6 0.0 
1.0 1.0000000000000002E-6 0.0 
1.0 1.0000000000000002E-6 0.0 
1.0 1.0000000000000002E-6 0.0 
1.0 1.0000000000000002E-6 0.0 
1.0 1.0000000000000002E-6 0.0 
1.0 1.0000000000000002E-6 0.0 
1.0 1.0000000000000002E-6 0.0 
1.0 1.0000000000000002E-6 0.0 
1.0 1.0000000000000002E-6 0.0 
1.0 1.0000000000000002E-6 0.0 
1.0 1.0000000000000002E-6 0.0 
1.0 1.0000000000000002E-6 0.0 
1.0 1.0000000000000002E-6 0.0 
1.0 1.0000000000000002E-6 0.0 
1.0 1.0000000000000002E-6 0.0 
1.0 1.0000000000000002E-6 0.0 
1.0 1.0000000000000002E-6 0.0 
1.0 1.0000000000000002E-6 0.0 
1.0 1.0000000000000002E-6 0.0 
1.0 1.0000000000000002E-6 0.0 
1.0 1.0000000000000002E-6 0.0 
1.0 1.0000000000000002E-6 0.0 
1.0 1.0000000000000002E-6 0.0 
1.0 1.0000000000000002E-6 0.0 
1.0 1.0000000000000002E-6 0.0 
1.0 1.0000000000000002E-6 0.0 
1.0 1.0000000000000002E-6 0.0 
1.0 1.0000000000000002E-6 0.0 
1.0 1.0000000000000002E-6 0.0 
1.0 1.0000000000000002E-6 0.0 
1.0 1.0000000000000002E-6 0.0 
1.0 1.0000000000000002E-6 0.0 
1.0 1.0000000000000002E-6 0.0 
1.0 1.0000000000000002E-6 0.0 
1.0 1.0000000000000002E-6 0.0 
1.0 1.0000000000000002E-6 0.0 
1.0 1.0000000000000002E-6 0.0 
1.0 1.0000000000000002E-6 0.0 
1.0 1.0000000000000002E-6 0.0 
1.0 1.0000000000000002E-6 0.0 
1.0 1.0000000000000002E-6 0.0 
1.0 1.0000000000000002E-6 0.0 
1.0 1.0000000000000002E-6 0.0 
1.0 1.0000000000000002E-6 0.0 
1.0 1.0000000000000002E-6 0.0 
1.0 1.0000000000000002E-6 0.0 
1.0 1.0000000000000002E-6 0.0 
1.0 1.0000000000000002E-6 0.0 
1.0 1.0000000000000002E-6 0.0 
1.0 1.0000000000000002E-6 0.0 
1.0 1.0000000000000002E-6 0.0 
1.0 1.0000000000000002E-6 0.0 
1.0 1.0000000000000002E-6 0.0 
1.0 1.0000000000000002E-6 0.0 
1.0 1.0000000000000002E-6 0.0 
1.0 1.0000000000000002E-6 0.0 
1.0 1.0000000000000002E-6 0.0 
1.0 1.0000000000000002E-6 0.0 
1.0 1.0000000000000002E-6 0.0 
1.0 1.0000000000000002E-6 0.0 
1.0 1.0000000000000002E-6 0.0 
1.0 1.0000000000000002E-6 0.0 
1.0 1.0000000000000002E-6 0.0 
1.0 1.0000000000000002E-6 0.0 
1.0 1.0000000000000002E-6 0.0 
1.0 1.0000000000000002E-6 0.0 
1.0 1.0000000000000002E-6 0.0 
1.0 1.0000000000000002E-6 0.0 
1.0 1.0000000000000002E-6 0.0 
1.0 1.0000000000000002E-6 0.0 
1.0 1.0000000000000002E-6 0.0 
1.0 1.0000000000000002E-6 0.0 
1.0 1.0000000000000002E-6 0.0 
1.0 1.0000000000000002E-6 0.0 
1.0 1.0000000000000002E-6 0.0 
1.0 1.0000000000000002E-6 0.0 
1.0 1.0000000000000002E-6 0.0 
1.0 1.0000000000000002E-6 0.0 
1.0 1.0000000000000002E-6 0.0 
1.0 1.0000000000000002E-6 0.0 
1.0 1.0000000000000002E-6 0.0 
1.0 1.0000000000000002E-6 0.0 
1.0 1.0000000000000002E-6 0.0 
1.0 1.0000000000000002E-6 0.0 
1.0 1.0000000000000002E-6 0.0 
1.0 1.0000000000000002E-6 0.0 
1.0 1.0000000000000002E-6 0.0 
1.0 1.0000000000000002E-6 0.0 
1.0 1.0000000000000002E-6 0.0 
1.0 1.0000000000000002E-6 0.0 
1.0 1.0000000000000002E-6 0.0 
1.0 1.0000000000000002E-6 0.0 
1.0 1.0000000000000002E-6 0.0 
1.0 1.0000000000000002E-6 0.0 
1.0 1.0000000000000002E-6 0.0 
1.0 1.0000000000000002E-6 0.0 
1.0 1.0000000000000002E-6 0.0 
1.0 1.0000000000000002E-6 0.0 
1.0 1.0000000000000002E-6 0.0 
1.0 1.0000000000000002E-6 0.0 
1.0 1.0000000000000002E-6 0.0 
1.0 1.0000000000000002E-6 0.0 
1.0 1.0000000000000002E-6 0.0 
1.0 1.0000000000000002E-6 0.0 
1.0 1.0000000000000002E-6 0.0 
1.0 1.0000000000000002E-6 0.0 
1.0 1.0000000000000002E-6 0.0 
1.0 1.0000000000000002E-6 0.0 
1.0 1.0000000000000002E-6 0.0 
1.0 1.0000000000000002E-6 0.0 
1.0 1.0000000000000002E-6 0.0 
1.0 1.0000000000000002E-6 0.0 
1.0 1.0000000000000002E-6 0.0 
1.0 1.0000000000000002E-6 0.0 
1.0 1.0000000000000002E-6 0.0 
1.0 1.0000000000000002E-6 0.0 
1.0 1.0000000000000002E-6 0.0 
1.0 1.0000000000000002E-6 0.0 
1.0 1.0000000000000002E-6 0.0 
1.0 1.0000000000000002E-6 0.0 
1.0 1.0000000000000002E-6 0.0 
1.0 1.0000000000000002E-6 0.0 
1.0 1.0000000000000002E-6 0.0 
1.0 1.0000000000000002E-6 0.0 
1.0 1.0000000000000002E-6 0.0 
1.0 1.0000000000000002E-6 0.0 
1.0 1.0000000000000002E-6 0.0 
1.0 1.0000000000000002E-6 0.0 
1.0 1.0000000000000002E-6 0.0 
1.0 1.0000000000000002E-6 0.0 
1.0 1.0000000000000002E-6 0.0 
1.0 1.0000000000000002E-6 0.0 
1.0 1.0000000000000002E-6 0.0 
1.0 1.0000000000000002E-6 0.0 
1.0 1.0000000000000002E-6 0.0 
1.0 1.0000000000000002E-6 0.0 
1.0 1.0000000000000002E-6 0.0 
1.0 1.0000000000000002E-6 0.0 
1.0 1.0000000000000002E-6 0.0 
1.0 1.0000000000000002E-6 0.0 
1.0 1.0000000000000002E-6 0.0 
1.0 1.0000000000000002E-6 0.0 
1.0 1.0000000000000002E-6 0.0 
1.0 1.0000000000000002E-6 0.0 
1.0 1.0000000000000002E-6 0.0 
1.0 1.0000000000000002E-6 0.0 
1.0 1.0000000000000002E-6 0.0 
1.0 1.0000000000000002E-6 0.0 
1.0 1.0000000000000002E-6 0.0 
1.0 1.0000000000000002E-6 0.0 
1.0 1.0000000000000002E-6 0.0 
1.0 1.0000000000000002E-6 0.0 
1.0 1.0000000000000002E-6 0.0 
1.0 1.0000000000000002E-6 0.0 
1.0 1.0000000000000002E-6 0.0 
1.0 1.0000000000000002E-6 0.0 
1.0 1.0000000000000002E-6 0.0 
1.0 1.0000000000000002E-6 0.0 
1.0 1.0000000000000002E-6 0.0 
1.0 1.0000000000000002E-6 0.0 
1.0 1.0000000000000002E-6 0.0 
1.0 1.0000000000000002E-6 0.0 
1.0 1.0000000000000002E-6 0.0 
1.0 1.0000000000000002E-6 0.0 
1.0 1.0000000000000002E-6 0.0 
1.0 1.0000000000000002E-6 0.0 
1.0 1.0000000000000002E-6 0.0 
1.0 1.0000000000000002E-6 0.0 
1.0 1.0000000000000002E-6 0.0 
1.0 1.0000000000000002E-6 0.0 
1.0 1.0000000000000002E-6 0.0 
1.0 1.0000000000000002E-6 0.0 
1.0 1.0000000000000002E-6 0.0 
1.0 1.0000000000000002E-6 0.0 
1.0 1.0000000000000002E-6 0.0 
1.0 1.0000000000000002E-6 0.0 
1.0 1.0000000000000002E-6 0.0 
1.0 1.0000000000000002E-6 0.0 
1.0 1.0000000000000002E-6 0.0 
1.0 1.0000000000000002E-6 0.0 
1.0 1.0000000000000002E-6 0.0 
1.0 1.0000000000000002E-6 0.0 
1.0 1.0000000000000002E-6 0.0 
1.0 1.0000000000000002E-6 0.0 
1.0 1.0000000000000002E-6 0.0 
1.0 1.0000000000000002E-6 0.0 
1.0 1.0000000000000002E-6 0.0 
1.0 1.0000000000000002E-6 0.0 
1.0 1.0000000000000002E-6 0.0 
1.0 1.0000000000000002E-6 0.0 
1.0 1.0000000000000002E-6 0.0 
1.0 1.0000000000000002E-6 0.0 
1.0 1.0000000000000002E-6 0.0 
1.0 1.0000000000000002E-6 0.0 
1.0 1.0000000000000002E-6 0.0 
1.0 1.0000000000000002E-6 0.0 
1.0 1.0000000000000002E-6 0.0 
1.0 1.0000000000000002E-6 0.0 
1.0 1.0000000000000002E-6 0.0 
1.0 1.0000000000000002E-6 0.0 
1.0 1.0000000000000002E-6 0.0 
1.0 1.0000000000000002E-6 0.0 
1.0 1.0000000000000002E-6 0.0 
1.0 1.0000000000000002E-6 0.0 
1.0 1.0000000000000002E-6 0.0 
1.0 1.0000000000000002E-6 0.0 
1.0 1.0000000000000002E-6 0.0 
1.0 1.0000000000000002E-6 0.0 
1.0 1.0000000000000002E-6 0.0 
1.0 1.0000000000000002E-6 0.0 
1.0 1.0000000000000002E-6 0.0 
1.0 1.0000000000000002E-6 0.0 
1.0 1.0000000000000002E-6 0.0 
1.0 1.0000000000000002E-6 0.0 
1.0 1.0000000000000002E-6 0.0 
1.0 1.0000000000000002E-6 0.0 
1.0 1.0000000000000002E-6 0.0 
1.0 1.0000000000000002E-6 0.0 
1.0 1.0000000000000002E-6 0.0 
1.0 1.0000000000000002E-6 0.0 
1.0 1.0000000000000002E-6 0.0 
1.0 1.0000000000000002E-6 0.0 
1.0 1.0000000000000002E-6 0.0 
1.0 1.0000000000000002E-6 0.0 
1.0 1.0000000000000002E-6 0.0 
1.0 1.0000000000000002E-6 0.0 
1.0 1.0000000000000002E-6 0.0 
1.0 1.0000000000000002E-6 0.0 
1.0 1.0000000000000002E-6 0.0 
1.0 1.0000000000000002E-6 0.0 
1.0 1.0000000000000002E-6 0.0 
1.0 1.0000000000000002E-6 0.0 
1.0 1.0000000000000002E-6 0.0 
1.0 1.0000000000000002E-6 0.0 
1.0 1.0000000000000002E-6 0.0 
1.0 1.0000000000000002E-6 0.0 
1.0 1.0000000000000002E-6 0.0 
1.0 1.0000000000000002E-6 0.0 
1.0 1.0000000000000002E-6 0.0 
1.0 1.0000000000000002E-6 0.0 
1.0 1.0000000000000002E-6 0.0 
1.0 1.0000000000000002E-6 0.0 
1.0 1.0000000000000002E-6 0.0 
1.0 1.0000000000000002E-6 0.0 
1.0 1.0000000000000002E-6 0.0 
1.0 1.0000000000000002E-6 0.0 
1.0 1.0000000000000002E-6 0.0 
1.0 1.0000000000000002E-6 0.0 
1.0 1.0000000000000002E-6 0.0 
1.0 1.0000000000000002E-6 0.0 
1.0 1.0000000000000002E-6 0.0 
1.0 1.0000000000000002E-6 0.0 
1.0 1.0000000000000002E-6 0.0 
1.0 1.0000000000000002E-6 0.0 
1.0 1.0000000000000002E-6 0.0 
1.0 1.0000000000000002E-6 0.0 
1.0 1.0000000000000002E-6 0.0 
1.0 1.0000000000000002E-6 0.0 
1.0 1.0000000000000002E-6 0.0 
1.0 1.0000000000000002E-6 0.0 
1.0 1.0000000000000002E-6 0.0 
1.0 1.0000000000000002E-6 0.0 
1.0 1.0000000000000002E-6 0.0 
1.0 1.0000000000000002E-6 0.0 
1.0 1.0000000000000002E-6 0.0 
1.0 1.0000000000000002E-6 0.0 
1.0 1.0000000000000002E-6 0.0 
1.0 1.0000000000000002E-6 0.0 
1.0 1.0000000000000002E-6 0.0 
1.0 1.0000000000000002E-6 0.0 
1.0 1.0000000000000002E-6 0.0 
1.0 1.0000000000000002E-6 0.0 
1.0 1.0000000000000002E-6 0.0 
1.0 1.0000000000000002E-6 0.0 
1.0 1.0000000000000002E-6 0.0 
1.0 1.0000000000000002E-6 0.0 
1.0 1.0000000000000002E-6 0.0 
1.0 1.0000000000000002E-6 0.0 
1.0 1.0000000000000002E-6 0.0 
1.0 1.0000000000000002E-6 0.0 
1.0 1.0000000000000002E-6 0.0 
1.0 1.0000000000000002E-6 0.0 
1.0 1.0000000000000002E-6 0.0 
1.0 1.0000000000000002E-6 0.0 
1.0 1.0000000000000002E-6 0.0 
1.0 1.0000000000000002E-6 0.0 
1.0 1.0000000000000002E-6 0.0 
1.0 1.0000000000000002E-6 0.0 
1.0 1.0000000000000002E-6 0.0 
1.0 1.0000000000000002E-6 0.0 
1.0 1.0000000000000002E-6 0.0 
1.0 1.0000000000000002E-6 0.0 
1.0 1.0000000000000002E-6 0.0 
1.0 1.0000000000000002E-6 0.0 
1.0 1.0000000000000002E-6 0.0 
1.0 1.0000000000000002E-6 0.0 
1.0 1.0000000000000002E-6 0.0 
1.0 1.0000000000000002E-6 0.0 
1.0 1.0000000000000002E-6 0.0 
1.0 1.0000000000000002E-6 0.0 
1.0 1.0000000000000002E-6 0.0 
1.0 1.0000000000000002E-6 0.0 
1.0 1.0000000000000002E-6 0.0 
1.0 1.0000000000000002E-6 0.0 
1.0 1.0000000000000002E-6 0.0 
1.0 1.0000000000000002E-6 0.0 
1.0 1.0000000000000002E-6 0.0 
1.0 1.0000000000000002E-6 0.0 
1.0 1.0000000000000002E-6 0.0 
1.0 1.0000000000000002E-6 0.0 
1.0 1.0000000000000002E-6 0.0 
1.0 1.0000000000000002E-6 0.0 
1.0 1.0000000000000002E-6 0.0 
1.0 1.0000000000000002E-6 0.0 
1.0 1.0000000000000002E-6 0.0 
1.0 1.0000000000000002E-6 0.0 
1.0 1.0000000000000002E-6 0.0 
1.0 1.0000000000000002E-6 0.0 
1.0 1.0000000000000002E-6 0.0 
1.0 1.0000000000000002E-6 0.0 
1.0 1.0000000000000002E-6 0.0 
1.0 1.0000000000000002E-6 0.0 
1.0 1.0000000000000002E-6 0.0 
1.0 1.0000000000000002E-6 0.0 
1.0 1.0000000000000002E-6 0.0 
1.0 1.0000000000000002E-6 0.0 
1.0 1.0000000000000002E-6 0.0 
1.0 1.0000000000000002E-6 0.0 
1.0 1.0000000000000002E-6 0.0 
1.0 1.0000000000000002E-6 0.0 
1.0 1.0000000000000002E-6 0.0 
1.0 1.0000000000000002E-6 0.0 
1.0 1.0000000000000002E-6 0.0 
1.0 1.0000000000000002E-6 0.0 
1.0 1.0000000000000002E-6 0.0 
1.0 1.0000000000000002E-6 0.0 
1.0 1.0000000000000002E-6 0.0 
1.0 1.0000000000000002E-6 0.0 
1.0 1.0000000000000002E-6 0.0 
1.0 1.0000000000000002E-6 0.0 
1.0 1.0000000000000002E-6 0.0 
1.0 1.0000000000000002E-6 0.0 
1.0 1.0000000000000002E-6 0.0 
1.0 1.0000000000000002E-6 0.0 
1.0 1.0000000000000002E-6 0.0 
1.0 1.0000000000000002E-6 0.0 
1.0 1.0000000000000002E-6 0.0 
1.0 1.0000000000000002E-6 0.0 
1.0 1.0000000000000002E-6 0.0 
1.0 1.0000000000000002E-6 0.0 
1.0 1.0000000000000002E-6 0.0 
1.0 1.0000000000000002E-6 0.0 
1.0 1.0000000000000002E-6 0.0 
1.0 1.0000000000000002E-6 0.0 
1.0 1.0000000000000002E-6 0.0 
1.0 1.0000000000000002E-6 0.0 
1.0 1.0000000000000002E-6 0.0 
1.0 1.0000000000000002E-6 0.0 
1.0 1.0000000000000002E-6 0.0 
1.0 1.0000000000000002E-6 0.0 
1.0 1.0000000000000002E-6 0.0 
1.0 1.0000000000000002E-6 0.0 
1.0 1.0000000000000002E-6 0.0 
1.0 1.0000000000000002E-6 0.0 
1.0 1.0000000000000002E-6 0.0 
1.0 1.0000000000000002E-6 0.0 
1.0 1.0000000000000002E-6 0.0 
1.0 1.0000000000000002E-6 0.0 
1.0 1.0000000000000002E-6 0.0 
1.0 1.0000000000000002E-6 0.0 
1.0 1.0000000000000002E-6 0.0 
1.0 1.0000000000000002E-6 0.0 
1.0 1.0000000000000002E-6 0.0 
1.0 1.0000000000000002E-6 0.0 
1.0 1.0000000000000002E-6 0.0 
1.0 1.0000000000000002E-6 0.0 
1.0 1.0000000000000002E-6 0.0 
1.0 1.0000000000000002E-6 0.0 
1.0 1.0000000000000002E-6 0.0 
1.0 1.0000000000000002E-6 0.0 
1.0 1.0000000000000002E-6 0.0 
1.0 1.0000000000000002E-6 0.0 
1.0 1.0000000000000002E-6 0.0 
1.0 1.0000000000000002E-6 0.0 
1.0 1.0000000000000002E-6 0.0 
1.0 1.0000000000000002E-6 0.0 
1.0 1.0000000000000002E-6 0.0 
1.0 1.0000000000000002E-6 0.0 
1.0 1.0000000000000002E-6 0.0 
1.0 1.0000000000000002E-6 0.0 
1.0 1.0000000000000002E-6 0.0 
1.0 1.0000000000000002E-6 0.0 
1.0 1.0000000000000002E-6 0.0 
1.0 1.0000000000000002E-6 0.0 
1.0 1.0000000000000002E-6 0.0 
1.0 1.0000000000000002E-6 0.0 
1.0 1.0000000000000002E-6 0.0 
1.0 1.0000000000000002E-6 0.0 
1.0 1.0000000000000002E-6 0.0 
1.0 1.0000000000000002E-6 0.0 
1.0 1.0000000000000002E-6 0.0 
1.0 1.0000000000000002E-6 0.0 
1.0 1.0000000000000002E-6 0.0 
1.0 1.0000000000000002E-6 0.0 
1.0 1.0000000000000002E-6 0.0 
1.0 1.0000000000000002E-6 0.0 
1.0 1.0000000000000002E-6 0.0 
1.0 1.0000000000000002E-6 0.0 
1.0 1.0000000000000002E-6 0.0 
1.0 1.0000000000000002E-6 0.0 
1.0 1.0000000000000002E-6 0.0 
1.0 1.0000000000000002E-6 0.0 
1.0 1.0000000000000002E-6 0.0 
1.0 1.0000000000000002E-6 0.0 
1.0 1.0000000000000002E-6 0.0 
1.0 1.0000000000000002E-6 0.0 
1.0 1.0000000000000002E-6 0.0 
1.0 1.0000000000000002E-6 0.0 
1.0 1.0000000000000002E-6 0.0 
1.0 1.0000000000000002E-6 0.0 
1.0 1.0000000000000002E-6 0.0 
1.0 1.0000000000000002E-6 0.0 
1.0 1.0000000000000002E-6 0.0 
1.0 1.0000000000000002E-6 0.0 
1.0 1.0000000000000002E-6 0.0 
1.0 1.0000000000000002E-6 0.0 
1.0 1.0000000000000002E-6 0.0 
1.0 1.0000000000000002E-6 0.0 
1.0 1.0000000000000002E-6 0.0 
1.0 1.0000000000000002E-6 0.0 
1.0 1.0000000000000002E-6 0.0 
1.0 1.0000000000000002E-6 0.0 
1.0 1.0000000000000002E-6 0.0 
1.0 1.0000000000000002E-6 0.0 
1.0 1.0000000000000002E-6 0.0 
1.0 1.0000000000000002E-6 0.0 
1.0 1.0000000000000002E-6 0.0 
1.0 1.0000000000000002E-6 0.0 
1.0 1.0000000000000002E-6 0.0 
1.0 1.0000000000000002E-6 0.0 
1.0 1.0000000000000002E-6 0.0 
1.0 1.0000000000000002E-6 0.0 
1.0 1.0000000000000002E-6 0.0 
1.0 1.0000000000000002E-6 0.0 
1.0 1.0000000000000002E-6 0.0 
1.0 1.0000000000000002E-6 0.0 
1.0 1.0000000000000002E-6 0.0 
1.0 1.0000000000000002E-6 0.0 
1.0 1.0000000000000002E-6 0.0 
1.0 1.0000000000000002E-6 0.0 
1.0 1.0000000000000002E-6 0.0 
1.0 1.0000000000000002E-6 0.0 
1.0 1.0000000000000002E-6 0.0 
1.0 1.0000000000000002E-6 0.0 
1.0 1.0000000000000002E-6 0.0 
1.0 1.0000000000000002E-6 0.0 
1.0 1.0000000000000002E-6 0.0 
1.0 1.0000000000000002E-6 0.0 
1.0 1.0000000000000002E-6 0.0 
1.0 1.0000000000000002E-6 0.0 
1.0 1.0000000000000002E-6 0.0 
1.0 1.0000000000000002E-6 0.0 
1.0 1.0000000000000002E-6 0.0 
1.0 1.0000000000000002E-6 0.0 
1.0 1.0000000000000002E-6 0.0 
1.0 1.0000000000000002E-6 0.0 
1.0 1.0000000000000002E-6 0.0 
1.0 1.0000000000000002E-6 0.0 
1.0 1.0000000000000002E-6 0.0 
1.0 1.0000000000000002E-6 0.0 
1.0 1.0000000000000002E-6 0.0 
1.0 1.0000000000000002E-6 0.0 
1.0 1.0000000000000002E-6 0.0 
1.0 1.0000000000000002E-6 0.0 
1.0 1.0000000000000002E-6 0.0 
1.0 1.0000000000000002E-6 0.0 
1.0 1.0000000000000002E-6 0.0 
1.0 1.0000000000000002E-6 0.0 
1.0 1.0000000000000002E-6 0.0 
1.0 1.0000000000000002E-6 0.0 
1.0 1.0000000000000002E-6 0.0 
1.0 1.0000000000000002E-6 0.0 
1.0 1.0000000000000002E-6 0.0 
1.0 1.0000000000000002E-6 0.0 
1.0 1.0000000000000002E-6 0.0 
1.0 1.0000000000000002E-6 0.0 
1.0 1.0000000000000002E-6 0.0 
1.0 1.0000000000000002E-6 0.0 
1.0 1.0000000000000002E-6 0.0 
1.0 1.0000000000000002E-6 0.0 
1.0 1.0000000000000002E-6 0.0 
1.0 1.0000000000000002E-6 0.0 
1.0 1.0000000000000002E-6 0.0 
1.0 0.001002000000000015 0.0 
1.0 0.0020019999999999413 0.0 
1.0 0.003002000000000074 0.0 
1.0 0.004001000000000207 0.0 
1.0 0.005001000000000339 0.0 
1.0 0.006001000000000472 0.0 
1.0 0.007001000000000605 0.0 
1.0 0.008001000000000574 0.0 
1.0 0.009001999999999838 0.0 
1.0 0.010001999999999104 0.0 
1.0 0.011001999999998369 0.0 
1.0 0.012001999999997634 0.0 
1.0 0.0130019999999969 0.0 
1.0 0.014001999999996165 0.0 
1.0 0.015000999999995431 0.0 
1.0 0.01600099999999535 0.0 
1.0 0.01700099999999635 0.0 
1.0 0.01800099999999735 0.0 
1.0 0.01900099999999835 0.0 
1.0 0.02000099999999935 0.0 
1.0 0.02100100000000035 0.0 
1.0 0.02200100000000135 0.0 
1.0 0.02300100000000235 0.0 
1.0 0.02400100000000335 0.0 
1.0 0.02500100000000435 0.0 
1.0 0.02600100000000535 0.0 
1.0 0.02700100000000635 0.0 
1.0 0.02800100000000735 0.0 
1.0 0.02900100000000835 0.0 
1.0 0.03000100000000935 0.0 
1.0 0.03100100000001035 0.0 
1.0 0.03200100000001135 0.0 
1.0 0.03300100000001235 0.0 
1.0 0.03400100000001335 0.0 
1.0 0.03500100000001435 0.0 
1.0 0.03600100000001535 0.0 
1.0 0.03700100000001635 0.0 
1.0 0.03800100000001735 0.0 
1.0 0.03900100000001835 0.0 
1.0 0.04000100000001935 0.0 
1.0 0.04100100000002035 0.0 
1.0 0.04200100000002135 0.0 
1.0 0.04300100000002235 0.0 
1.0 0.04400100000002335 0.0 
1.0 0.04500100000002435 0.0 
1.0 0.04600100000002535 0.0 
1.0 0.04700100000002635 0.0 
1.0 0.04800100000002735 0.0 
1.0 0.04900100000002835 0.0 
1.0 0.05000100000002935 0.0 
1.0 0.05100100000003035 0.0 
1.0 0.05200100000003135 0.0 
1.0 0.05300100000003235 0.0 
1.0 0.05400100000003335 0.0 
1.0 0.05500100000003435 0.0 
1.0 0.05600100000003535 0.0 
1.0 0.05700100000003635 0.0 
1.0 0.05800200000003735 0.0 
1.0 0.05900200000003835 0.0 
1.0 0.06000200000003935 0.0 
1.0 0.06100200000004035 0.0 
1.0 0.06200200000004135 0.0 
1.0 0.06300200000004234 0.0 
1.0 0.06400200000004334 0.0 
1.0 0.06500200000004434 0.0 
1.0 0.06600200000004534 0.0 
1.0 0.06700200000004634 0.0 
1.0 0.06800200000004734 0.0 
1.0 0.06900200000004834 0.0 
1.0 0.07000200000004934 0.0 
1.0 0.07100200000005034 0.0 
1.0 0.07200200000005134 0.0 
1.0 0.07300200000005234 0.0 
1.0 0.07400200000005334 0.0 
1.0 0.07500200000005434 0.0 
1.0 0.07600200000005534 0.0 
1.0 0.07700200000005634 0.0 
1.0 0.07800200000005734 0.0 
1.0 0.07900200000005834 0.0 
1.0 0.08000200000005935 0.0 
1.0 0.08100200000006035 0.0 
1.0 0.08200200000006135 0.0 
1.0 0.08300200000006235 0.0 
1.0 0.08400200000006335 0.0 
1.0 0.08500200000006435 0.0 
1.0 0.08600200000006535 0.0 
1.0 0.08700200000006635 0.0 
1.0 0.08800200000006735 0.0 
1.0 0.08900200000006835 0.0 
1.0 0.09000200000006935 0.0 
1.0 0.09100200000007035 0.0 
1.0 0.09200200000007135 0.0 
1.0 0.09300200000007235 0.0 
1.0 0.09400200000007335 0.0 
1.0 0.09500200000007435 0.0 
1.0 0.09600200000007535 0.0 
1.0 0.09700200000007635 0.0 
1.0 0.09800200000007735 0.0 
1.0 0.09900200000007835 0.0 
1.0 0.10000200000007935 0.0 
1.0 0.10100200000008035 0.0 
1.0 0.10200200000008135 0.0 
1.0 0.10300200000008235 0.0 
1.0 0.10400200000008335 0.0 
1.0 0.10500200000008435 0.0 
1.0 0.10600200000008535 0.0 
1.0 0.10700200000008635 0.0 
1.0 0.10800200000008735 0.0 
1.0 0.10900200000008835 0.0 
1.0 0.11000200000008935 0.0 
1.0 0.11100200000009035 0.0 
1.0 0.11200200000009135 0.0 
1.0 0.11300200000009235 0.0 
1.0 0.11400200000009335 0.0 
1.0 0.11500200000009435 0.0 
1.0 0.11600200000009535 0.0 
1.0 0.11700200000009635 0.0 
1.0 0.11800200000009735 0.0 
1.0 0.11900200000009835 0.0 
1.0 0.12000200000009935 0.0 
1.0 0.12100200000010035 0.0 
1.0 0.12200200000010135 0.0 
1.0 0.12300200000010235 0.0 
1.0 0.12400200000010335 0.0 
1.0 0.12500200000010434 0.0 
1.0 0.12600200000010534 0.0 
1.0 0.12700200000010634 0.0 
1.0 0.12800200000010734 0.0 
1.0 0.12900200000010834 0.0 
1.0 0.13000100000010933 0.0 
1.0 0.13100100000011033 0.0 
1.0 0.13200100000011133 0.0 
1.0 0.13300100000011233 0.0 
1.0 0.13400100000011334 0.0 
1.0 0.13500100000011434 0.0 
1.0 0.13600100000011534 0.0 
1.0 0.13700100000011634 0.0 
1.0 0.13800100000011734 0.0 
1.0 0.13900100000011834 0.0 
1.0 0.14000100000011934 0.0 
1.0 0.14100100000012034 0.0 
1.0 0.14200100000012134 0.0 
1.0 0.14300100000012234 0.0 
1.0 0.14400100000012334 0.0 
1.0 0.14500100000012434 0.0 
1.0 0.14600100000012534 0.0 
1.0 0.14700100000012634 0.0 
1.0 0.14800100000012734 0.0 
1.0 0.14900100000012834 0.0 
1.0 0.15000100000012934 0.0 
1.0 0.15100100000013034 0.0 
1.0 0.15200100000013134 0.0 
1.0 0.15300100000013234 0.0 
1.0 0.15400100000013334 0.0 
1.0 0.15500100000013434 0.0 
1.0 0.15600100000013534 0.0 
1.0 0.15700100000013634 0.0 
1.0 0.15800100000013734 0.0 
1.0 0.15900100000013834 0.0 
1.0 0.16000100000013934 0.0 
1.0 0.16100100000014034 0.0 
1.0 0.16200100000014134 0.0 
1.0 0.16300100000014234 0.0 
1.0 0.16400100000014334 0.0 
1.0 0.16500100000014434 0.0 
1.0 0.16600100000014534 0.0 
1.0 0.16700100000014634 0.0 
1.0 0.16800100000014734 0.0 
1.0 0.16900100000014834 0.0 
1.0 0.17000100000014934 0.0 
1.0 0.17100100000015034 0.0 
1.0 0.17200100000015134 0.0 
1.0 0.17300100000015234 0.0 
1.0 0.17400100000015334 0.0 
1.0 0.17500100000015434 0.0 
1.0 0.17600100000015534 0.0 
1.0 0.17700100000015634 0.0 
1.0 0.17800100000015734 0.0 
1.0 0.17900100000015834 0.0 
1.0 0.18000100000015934 0.0 
1.0 0.18100100000016034 0.0 
1.0 0.18200100000016134 0.0 
1.0 0.18300100000016234 0.0 
1.0 0.18400100000016334 0.0 
1.0 0.18500100000016434 0.0 
1.0 0.18600100000016534 0.0 
1.0 0.18700100000016634 0.0 
1.0 0.18800100000016734 0.0 
1.0 0.18900100000016834 0.0 
1.0 0.19000100000016934 0.0 
1.0 0.19100100000017034 0.0 
1.0 0.19200100000017134 0.0 
1.0 0.19300100000017234 0.0 
1.0 0.19400100000017334 0.0 
1.0 0.19500100000017434 0.0 
1.0 0.19600100000017534 0.0 
1.0 0.19700100000017634 0.0 
1.0 0.19800100000017734 0.0 
1.0 0.19900100000017834 0.0 
1.0 0.20000100000017934 0.0 
1.0 0.20100100000018034 0.0 
1.0 0.20200100000018134 0.0 
1.0 0.20300100000018234 0.0 
1.0 0.20400100000018334 0.0 
1.0 0.20500100000018434 0.0 
1.0 0.20600100000018534 0.0 
1.0 0.20700100000018634 0.0 
1.0 0.20800100000018734 0.0 
1.0 0.20900100000018834 0.0 
1.0 0.21000100000018934 0.0 
1.0 0.21100100000019034 0.0 
1.0 0.21200100000019134 0.0 
1.0 0.21300100000019234 0.0 
1.0 0.21400100000019334 0.0 
1.0 0.21500100000019434 0.0 
1.0 0.21600100000019534 0.0 
1.0 0.21700100000019634 0.0 
1.0 0.21800100000019734 0.0 
1.0 0.21900100000019834 0.0 
1.0 0.22000100000019934 0.0 
1.0 0.22100100000020034 0.0 
1.0 0.22200100000020134 0.0 
1.0 0.22300100000020234 0.0 
1.0 0.22400100000020334 0.0 
1.0 0.22500100000020434 0.0 
1.0 0.22600100000020534 0.0 
1.0 0.22700100000020634 0.0 
1.0 0.22800100000020734 0.0 
1.0 0.22900100000020834 0.0 
1.0 0.23000100000020934 0.0 
1.0 0.23100100000021034 0.0 
1.0 0.23200100000021134 0.0 
1.0 0.23300100000021234 0.0 
1.0 0.23400100000021334 0.0 
1.0 0.23500100000021434 0.0 
1.0 0.23600100000021534 0.0 
1.0 0.23700100000021634 0.0 
1.0 0.23800100000021734 0.0 
1.0 0.23900100000021834 0.0 
1.0 0.24000100000021934 0.0 
1.0 0.24100100000022034 0.0 
1.0 0.24200100000022134 0.0 
1.0 0.24300100000022234 0.0 
1.0 0.24400100000022334 0.0 
1.0 0.24500100000022434 0.0 
1.0 0.24600100000022534 0.0 
1.0 0.24700100000022635 0.0 
1.0 0.24800100000022735 0.0 
1.0 0.24900100000022835 0.0 
1.0 0.2500010000002293 0.0 
1.0 0.25100100000020253 0.0 
1.0 0.2520010000001758 0.0 
1.0 0.253001000000149 0.0 
1.0 0.25400100000012227 0.0 
1.0 0.2550010000000955 0.0 
1.0 0.25600100000006876 0.0 
1.0 0.257001000000042 0.0 
1.0 0.25800100000001525 0.0 
1.0 0.2590009999999885 0.0 
1.0 0.26000099999996173 0.0 
1.0 0.261000999999935 0.0 
1.0 0.2620009999999082 0.0 
1.0 0.26300099999988147 0.0 
1.0 0.2640009999998547 0.0 
1.0 0.26500099999982796 0.0 
1.0 0.2660009999998012 0.0 
1.0 0.26700099999977445 0.0 
1.0 0.2680009999997477 0.0 
1.0 0.26900099999972094 0.0 
1.0 0.2700009999996942 0.0 
1.0 0.2710009999996674 0.0 
1.0 0.27200099999964067 0.0 
1.0 0.2730009999996139 0.0 
1.0 0.27400099999958716 0.0 
1.0 0.2750009999995604 0.0 
1.0 0.27600099999953365 0.0 
1.0 0.2770009999995069 0.0 
1.0 0.27800099999948014 0.0 
1.0 0.2790009999994534 0.0 
1.0 0.2800009999994266 0.0 
1.0 0.28100099999939987 0.0 
1.0 0.2820009999993731 0.0 
1.0 0.28300099999934636 0.0 
1.0 0.2840009999993196 0.0 
1.0 0.28500099999929285 0.0 
1.0 0.2860009999992661 0.0 
1.0 0.28700099999923934 0.0 
1.0 0.2880009999992126 0.0 
1.0 0.2890009999991858 0.0 
1.0 0.29000099999915907 0.0 
1.0 0.2910009999991323 0.0 
1.0 0.29200099999910556 0.0 
1.0 0.2930009999990788 0.0 
1.0 0.29400099999905205 0.0 
1.0 0.2950009999990253 0.0 
1.0 0.29600099999899854 0.0 
1.0 0.2970009999989718 0.0 
1.0 0.298000999998945 0.0 
1.0 0.29900099999891827 0.0 
1.0 0.3000009999988915 0.0 
1.0 0.30100099999886476 0.0 
1.0 0.302000999998838 0.0 
1.0 0.30300099999881125 0.0 
1.0 0.3040009999987845 0.0 
1.0 0.30500099999875774 0.0 
1.0 0.306000999998731 0.0 
1.0 0.3070009999987042 0.0 
1.0 0.30800099999867747 0.0 
1.0 0.3090009999986507 0.0 
1.0 0.31000099999862396 0.0 
1.0 0.3110009999985972 0.0 
1.0 0.31200099999857045 0.0 
1.0 0.3130009999985437 0.0 
1.0 0.31400099999851694 0.0 
1.0 0.3150009999984902 0.0 
1.0 0.3160009999984634 0.0 
1.0 0.31700099999843667 0.0 
1.0 0.3180009999984099 0.0 
1.0 0.31900099999838316 0.0 
1.0 0.3200009999983564 0.0 
1.0 0.32100099999832965 0.0 
1.0 0.3220009999983029 0.0 
1.0 0.32300099999827614 0.0 
1.0 0.3240009999982494 0.0 
1.0 0.32500099999822263 0.0 
1.0 0.3260009999981959 0.0 
1.0 0.3270009999981691 0.0 
1.0 0.32800099999814236 0.0 
1.0 0.3290009999981156 0.0 
1.0 0.33000099999808885 0.0 
1.0 0.3310009999980621 0.0 
1.0 0.33200099999803534 0.0 
1.0 0.3330009999980086 0.0 
1.0 0.33400099999798183 0.0 
1.0 0.3350009999979551 0.0 
